0.2138991355895996
0.1323566436767578
0.1321117877960205
0.13208770751953125
0.1321256160736084
0.13222122192382812
0.1320478916168213
0.13215923309326172
0.13214373588562012
0.1320953369140625
0.1321547031402588
0.13215136528015137
0.13228940963745117
0.13216710090637207
0.1345663070678711
0.13275480270385742
0.1327524185180664
0.1325850486755371
0.13273024559020996
0.1322040557861328
0.1329972743988037
0.13207077980041504
0.13225841522216797
0.13242721557617188
0.13257288932800293
0.1339249610900879
0.13246393203735352
0.13213276863098145
0.13205647468566895
0.13210487365722656
0.1323702335357666
0.1326284408569336
0.13212823867797852
0.13237285614013672
0.13207578659057617
0.1322786808013916
0.13248491287231445
0.1323988437652588
0.1319870948791504
0.13206171989440918
0.13205265998840332
0.13226723670959473
0.13212156295776367
0.1323995590209961
0.1322946548461914
0.13208436965942383
0.13208413124084473
0.13209915161132812
0.1335315704345703
0.1321401596069336
0.1321413516998291
0.13213562965393066
0.13205361366271973
0.13211774826049805
0.13206124305725098
0.13211822509765625
0.13213586807250977
0.132066011428833
0.13231492042541504
0.13296079635620117
0.13201570510864258
0.1320326328277588
0.13211894035339355
0.1336803436279297
0.13336491584777832
0.1341710090637207
0.1322033405303955
0.1322638988494873
0.13219690322875977
0.1321425437927246
0.13480925559997559
0.1322164535522461
0.1322183609008789
0.13231730461120605
0.1322615146636963
0.13256406784057617
0.13234996795654297
0.13218283653259277
0.13302993774414062
0.13217663764953613
0.13212895393371582
0.13318490982055664
0.13388681411743164
0.13228464126586914
0.1606283187866211
0.14916706085205078
0.15056395530700684
0.1512284278869629
0.13222265243530273
0.13689827919006348
0.15053343772888184
0.15149641036987305
0.14937663078308105
0.1533339023590088
0.15177369117736816
0.15075111389160156
0.15467238426208496
0.13449430465698242
0.13568568229675293
0.1346263885498047
0.13229036331176758
0.14290452003479004
0.14726018905639648
0.15196490287780762
0.15472912788391113
0.1549973487854004
0.15445876121520996
0.15471363067626953
0.15692877769470215
0.15079188346862793
0.15116167068481445
0.14332175254821777
0.14615297317504883
0.15100955963134766
0.15045976638793945
0.14556646347045898
0.14065337181091309
0.15233469009399414
0.14928531646728516
0.14527416229248047
0.14438796043395996
0.14241957664489746
0.1313152313232422
0.15225720405578613
0.14729809761047363
0.14920639991760254
0.14617347717285156
0.15205740928649902
0.15130066871643066
0.1484694480895996
0.2161717414855957
0.25100183486938477
0.25104641914367676
0.25066161155700684
0.2507212162017822
0.2508716583251953
0.2501053810119629
0.25000524520874023
0.24725699424743652
0.2446904182434082
0.2396254539489746
0.24230051040649414
0.2425975799560547
0.24260449409484863
0.239516019821167
0.24440360069274902
0.24614262580871582
0.24720311164855957
0.24786019325256348
0.25059080123901367
0.2507743835449219
0.24545645713806152
0.2507009506225586
0.24761128425598145
0.24534320831298828
0.24247503280639648
0.24234700202941895
0.239837646484375
0.24275946617126465
0.24176025390625
0.24267292022705078
0.2447516918182373
0.24924993515014648
0.2480297088623047
0.2501335144042969
0.24788784980773926
0.25090575218200684
0.251018762588501
0.25057554244995117
0.2498176097869873
0.24767065048217773
0.24532151222229004
0.23994994163513184
0.24210429191589355
0.24291324615478516
0.24263405799865723
0.24281811714172363
0.24280118942260742
0.24442577362060547
0.2470097541809082
0.2478797435760498
0.24879908561706543
0.24988579750061035
0.2500133514404297
0.25066232681274414
0.24974822998046875
0.250579833984375
0.2503535747528076
0.24732279777526855
0.24309921264648438
0.24249958992004395
0.24054503440856934
0.23979830741882324
0.2422473430633545
0.24761629104614258
0.24753522872924805
0.25032830238342285
0.25116944313049316
0.24927949905395508
0.25018882751464844
0.2504136562347412
0.25074052810668945
0.2507050037384033
0.25078892707824707
0.247344970703125
0.24534177780151367
0.2424302101135254
0.23981142044067383
0.23748350143432617
0.2416856288909912
0.24698734283447266
0.24766850471496582
0.25019407272338867
0.2504916191101074
0.25074005126953125
0.250089168548584
0.24815797805786133
0.2480156421661377
0.245225191116333
0.2423408031463623
0.24252772331237793
0.2399442195892334
0.23981118202209473
0.24257755279541016
0.2185678482055664
0.13217711448669434
0.1326770782470703
0.13197803497314453
0.13202381134033203
0.132049560546875
0.1320786476135254
0.13292717933654785
0.13209128379821777
0.1319882869720459
0.13198542594909668
0.13204288482666016
0.1320490837097168
0.1320664882659912
0.13220429420471191
0.13205385208129883
0.131988525390625
0.1332228183746338
0.13219475746154785
0.13207769393920898
0.1319122314453125
0.13197755813598633
0.13202667236328125
0.13207054138183594
0.1320357322692871
0.13208556175231934
0.13209080696105957
0.13205218315124512
0.1320486068725586
0.13207435607910156
0.13199377059936523
0.13202166557312012
0.13292264938354492
0.13220643997192383
0.13208389282226562
0.1320352554321289
0.13202381134033203
0.13202738761901855
0.13313031196594238
0.13205528259277344
0.13191699981689453
0.13204360008239746
0.13188648223876953
0.13240885734558105
0.13217782974243164
0.13205170631408691
0.13202738761901855
0.13265323638916016
0.13200831413269043
0.13204598426818848
0.13201475143432617
0.1321713924407959
0.131943941116333
0.1320667266845703
0.13198184967041016
0.13202905654907227
0.1321108341217041
0.132110595703125
0.1320798397064209
0.13217997550964355
0.13198041915893555
0.13193225860595703
0.13193607330322266
0.13204383850097656
0.13208913803100586
0.13212871551513672
0.13210058212280273
0.13193798065185547
0.1320030689239502
0.13206171989440918
0.131988525390625
0.13200879096984863
0.13280391693115234
0.13219070434570312
0.13208270072937012
0.132035493850708
0.13200902938842773
0.132063627243042
0.1320199966430664
0.1320648193359375
0.13212180137634277
0.13207149505615234
0.13201498985290527
0.1328725814819336
0.13203191757202148
0.1319103240966797
0.1320171356201172
0.13204526901245117
0.1320476531982422
0.1318509578704834
0.14023709297180176
0.13855361938476562
0.13932561874389648
0.13944268226623535
0.13917946815490723
0.13891267776489258
0.13242578506469727
0.13202214241027832
0.1323864459991455
0.1322169303894043
0.13251519203186035
0.13298964500427246
0.13214731216430664
0.1325843334197998
0.13394427299499512
0.13252735137939453
0.13294768333435059
0.13296246528625488
0.13317370414733887
0.1334390640258789
0.13204360008239746
0.13209795951843262
0.1320967674255371
0.13202118873596191
0.13356590270996094
0.13266587257385254
0.13246679306030273
0.13207459449768066
0.1318979263305664
0.13350486755371094
0.1321864128112793
0.13210415840148926
0.13194513320922852
0.13182616233825684
0.13199615478515625
0.13174891471862793
0.131638765335083
0.13172316551208496
0.13178086280822754
0.13164615631103516
0.1316239833831787
0.13188815116882324
0.13181614875793457
0.13213300704956055
0.13320326805114746
0.1317734718322754
0.1316988468170166
0.1325070858001709
0.13163375854492188
0.13167405128479004
0.1316392421722412
0.13185763359069824
0.13228392601013184
0.13487911224365234
0.13255834579467773
0.13204455375671387
0.13280248641967773
0.13193917274475098
0.13175582885742188
0.1324622631072998
0.1336219310760498
0.13240885734558105
0.13310933113098145
0.13187217712402344
0.13198423385620117
0.13175511360168457
0.15300440788269043
0.15056705474853516
0.15230083465576172
0.15098953247070312
0.15314722061157227
0.15167784690856934
0.15038228034973145
0.15338492393493652
0.1474142074584961
0.1514585018157959
0.15039372444152832
0.1336688995361328
0.13693928718566895
0.13467073440551758
0.13860511779785156
0.1460731029510498
0.141160249710083
0.1473538875579834
0.1455397605895996
0.14589428901672363
0.15084028244018555
0.14728283882141113
0.14908742904663086
0.14701509475708008
0.143357515335083
0.1525726318359375
0.1506800651550293
0.14541101455688477
0.15256190299987793
0.15029287338256836
0.15284442901611328
0.15316534042358398
0.14793634414672852
0.1494297981262207
0.14687609672546387
0.14365601539611816
0.1496577262878418
0.15730857849121094
0.14906907081604004
0.15363550186157227
0.15334367752075195
0.23764467239379883
0.25293993949890137
0.24740123748779297
0.24623942375183105
0.23895668983459473
0.23607563972473145
0.24361705780029297
0.24598073959350586
0.24633431434631348
0.24500465393066406
0.25026464462280273
0.2524087429046631
0.24675941467285156
0.2415144443511963
0.23360037803649902
0.2423713207244873
0.2462456226348877
0.24826478958129883
0.2530379295349121
0.24886560440063477
0.24816060066223145
0.2502405643463135
0.24659252166748047
0.24115991592407227
0.23378252983093262
0.24184584617614746
0.2451772689819336
0.246124267578125
0.24730181694030762
0.24461579322814941
0.24797821044921875
0.24770617485046387
0.23763012886047363
0.23465299606323242
0.24460291862487793
0.24918365478515625
0.24575138092041016
0.24763751029968262
0.2475144863128662
0.24278926849365234
0.24026155471801758
0.23821091651916504
0.23947477340698242
0.2450704574584961
0.24760055541992188
0.24546551704406738
0.249650239944458
0.24224424362182617
0.23688292503356934
0.2368009090423584
0.24030447006225586
0.24900150299072266
0.2506222724914551
0.25292325019836426
0.25301432609558105
0.24163436889648438
0.23108720779418945
0.2416400909423828
0.24382734298706055
0.24460554122924805
0.2358407974243164
0.23643708229064941
0.24696993827819824
0.24793148040771484
0.24596786499023438
0.24917340278625488
0.25070643424987793
0.24912309646606445
0.24394559860229492
0.23631525039672852
0.23750782012939453
0.24599385261535645
0.24725890159606934
0.24999141693115234
0.24846434593200684
0.2473297119140625
0.24899697303771973
0.24325013160705566
0.23618006706237793
0.23689913749694824
0.2447061538696289
0.24506497383117676
0.24771332740783691
0.25014400482177734
0.24688148498535156
0.2497539520263672
0.24420785903930664
0.23347830772399902
0.2397141456604004
0.2491769790649414
0.24569249153137207
0.24754881858825684
0.24740052223205566
0.24393200874328613
0.23416590690612793
0.23974108695983887
0.24835658073425293
0.24768447875976562
0.25044679641723633
0.24798011779785156
0.24889349937438965
0.2496631145477295
0.2502608299255371
0.24612927436828613
0.2358531951904297
0.23870205879211426
0.24184131622314453
0.24536967277526855
0.24765753746032715
0.2475452423095703
0.24988555908203125
0.25060033798217773
0.24556183815002441
0.24615001678466797
0.23569107055664062
0.23721051216125488
0.24476861953735352
0.24691200256347656
0.24495816230773926
0.25045275688171387
0.24733304977416992
0.24611997604370117
0.24171948432922363
0.23633956909179688
0.2386643886566162
0.24531006813049316
0.24790143966674805
0.24507713317871094
0.24397826194763184
0.23138761520385742
0.24105119705200195
0.24360346794128418
0.2473294734954834
0.25308966636657715
0.25041890144348145
0.2439711093902588
0.2323153018951416
0.2420654296875
0.24428606033325195
0.24176239967346191
0.23436307907104492
0.23904752731323242
0.2470262050628662
0.2476210594177246
0.24594449996948242
0.2447652816772461
0.2439713478088379
0.23924779891967773
0.23395252227783203
0.24678277969360352
0.24657702445983887
0.2465193271636963
0.2476811408996582
0.24222731590270996
0.23330903053283691
0.24237823486328125
0.2450711727142334
0.24358367919921875
0.24800586700439453
0.2492353916168213
0.24750375747680664
0.2410433292388916
0.23767852783203125
0.2382049560546875
0.24575471878051758
0.24527931213378906
0.24907803535461426
0.24622249603271484
0.24666047096252441
0.23877525329589844
0.23850464820861816
0.23975872993469238
0.24556684494018555
0.2480013370513916
0.2503647804260254
0.24651575088500977
0.24774169921875
0.2387688159942627
0.23517322540283203
0.24326539039611816
0.24672198295593262
0.24988317489624023
0.24655961990356445
0.24911808967590332
0.24341607093811035
0.23752045631408691
0.2361311912536621
0.24382996559143066
0.2480611801147461
0.24687528610229492
0.2476801872253418
0.24726581573486328
0.2415480613708496
0.2361290454864502
0.23921632766723633
0.24673938751220703
0.24752545356750488
0.2411196231842041
0.244767427444458
0.24428462982177734
0.23760104179382324
0.23534250259399414
0.24476313591003418
0.2461709976196289
0.24534940719604492
0.24654507637023926
0.24747729301452637
0.23860836029052734
0.2349560260772705
0.2435140609741211
0.24573159217834473
0.24765563011169434
0.24773597717285156
0.2477104663848877
0.24498224258422852
0.23864269256591797
0.23632121086120605
0.24202203750610352
0.247222900390625
0.24595308303833008
0.24624347686767578
0.24722790718078613
0.24442195892333984
0.23575425148010254
0.23723173141479492
0.24341583251953125
0.24141597747802734
0.24501442909240723
0.2411787509918213
0.23464632034301758
0.2418680191040039
0.2478315830230713
0.24675226211547852
0.24755096435546875
0.24525880813598633
0.24714398384094238
0.24350404739379883
0.2339932918548584
0.2389543056488037
0.24563837051391602
0.24767017364501953
0.2489030361175537
0.24670052528381348
0.24556350708007812
0.24033069610595703
0.23230791091918945
0.24445629119873047
0.24309611320495605
0.24805855751037598
0.2471296787261963
0.24694085121154785
0.23957490921020508
0.235792875289917
0.2415323257446289
0.2439277172088623
0.24521231651306152
0.24770617485046387
0.24214982986450195
0.24059081077575684
0.23417401313781738
0.24072742462158203
0.24544143676757812
0.24803519248962402
0.24755167961120605
0.24042963981628418
0.24321985244750977
0.23465895652770996
0.23860573768615723
0.24323010444641113
0.2474226951599121
0.24575281143188477
0.24779057502746582
0.24779176712036133
0.24189472198486328
0.23463678359985352
0.24077606201171875
0.24726510047912598
0.24642562866210938
0.24368715286254883
0.24688076972961426
0.24694442749023438
0.23880767822265625
0.23487567901611328
0.24492883682250977
0.2463221549987793
0.24687767028808594
0.24484610557556152
0.24226069450378418
0.22938156127929688
0.2408580780029297
0.2429816722869873
0.24157261848449707
0.23047852516174316
0.2433948516845703
0.23920965194702148
0.23929905891418457
0.2312638759613037
0.24097228050231934
0.2411646842956543
0.23706960678100586
0.23704862594604492
0.24248862266540527
0.2443833351135254
0.24271154403686523
0.22881770133972168
0.2456648349761963
0.24824166297912598
0.24642109870910645
0.24773216247558594
0.24766778945922852
0.2435917854309082
0.23549270629882812
0.2371351718902588
0.24501276016235352
0.246351957321167
0.24679136276245117
0.24720311164855957
0.24152803421020508
0.24357986450195312
0.23708510398864746
0.2379310131072998
0.24544310569763184
0.2473909854888916
0.24587464332580566
0.24603939056396484
0.24485325813293457
0.24152278900146484
0.23328590393066406
0.24274730682373047
0.24840259552001953
0.24576497077941895
0.24630069732666016
0.24293231964111328
0.24333906173706055
0.23577666282653809
0.23673558235168457
0.2452559471130371
0.24608445167541504
0.2479414939880371
0.24581241607666016
0.24741744995117188
0.2410883903503418
0.2324988842010498
0.2437126636505127
0.24794292449951172
0.24559664726257324
0.24773883819580078
0.24859857559204102
0.24414849281311035
0.23755598068237305
0.23490142822265625
0.2449784278869629
0.24750447273254395
0.24729585647583008
0.24731135368347168
0.24434804916381836
0.24123573303222656
0.23375582695007324
0.24222946166992188
0.2465660572052002
0.24995183944702148
0.24588322639465332
0.24771642684936523
0.24782180786132812
0.24960899353027344
0.2415931224822998
0.23871874809265137
0.23564672470092773
0.2448585033416748
0.24741291999816895
0.2456676959991455
0.24759960174560547
0.24661612510681152
0.24358677864074707
0.23530077934265137
0.23862409591674805
0.24735164642333984
0.245009183883667
0.24700927734375
0.24683856964111328
0.24113678932189941
0.2342228889465332
0.2407684326171875
0.24626803398132324
0.24549317359924316
0.24585604667663574
0.24727916717529297
0.247406005859375
0.24127602577209473
0.2337324619293213
0.24239540100097656
0.24641156196594238
0.24347615242004395
0.2475905418395996
0.24093222618103027
0.2344529628753662
0.24110102653503418
0.24634647369384766
0.2443983554840088
0.2451467514038086
0.24721407890319824
0.24337434768676758
0.23259615898132324
0.24204111099243164
0.24782800674438477
0.24761962890625
0.2437760829925537
0.2473127841949463
0.2496945858001709
0.24352002143859863
0.23439955711364746
0.23809194564819336
0.24545788764953613
0.2497565746307373
0.24594831466674805
0.2473001480102539
0.2482740879058838
0.2485504150390625
0.24129152297973633
0.23537087440490723
0.23937678337097168
0.24739670753479004
0.24717974662780762
0.248154878616333
0.24601268768310547
0.24637222290039062
0.23537206649780273
0.23662734031677246
0.24410581588745117
0.24604558944702148
0.24728894233703613
0.24573969841003418
0.2411346435546875
0.2314927577972412
0.2433159351348877
0.2441568374633789
0.24209976196289062
0.23412108421325684
0.23816680908203125
0.24445366859436035
0.24955081939697266
0.24448704719543457
0.2479867935180664
0.24539709091186523
0.24424147605895996
0.23388171195983887
0.23940253257751465
0.24544215202331543
0.24582147598266602
0.24475407600402832
0.2472822666168213
0.2443232536315918
0.2388291358947754
0.2342066764831543
0.24555397033691406
0.2497110366821289
0.24746251106262207
0.24716854095458984
0.2484297752380371
0.24691200256347656
0.2434694766998291
0.23344945907592773
0.2394564151763916
0.2466881275177002
0.24632740020751953
0.24639058113098145
0.24617934226989746
0.24671244621276855
0.2385246753692627
0.2352588176727295
0.24360966682434082
0.24670886993408203
0.2472379207611084
0.24833416938781738
0.24667072296142578
0.2463836669921875
0.24126172065734863
0.2366011142730713
0.2398700714111328
0.24617624282836914
0.25019407272338867
0.2466907501220703
0.2468585968017578
0.24821949005126953
0.24957513809204102
0.2412583827972412
0.23831582069396973
0.236769437789917
0.2453291416168213
0.2455735206604004
0.24821090698242188
0.24680852890014648
0.24978137016296387
0.24550127983093262
0.23876261711120605
0.2332921028137207
0.24658918380737305
0.24773406982421875
0.24700665473937988
0.2495269775390625
0.24693632125854492
0.24608159065246582
0.2335505485534668
0.23983502388000488
0.2469315528869629
0.24680066108703613
0.2482452392578125
0.25087952613830566
0.24773859977722168
0.24987292289733887
0.24374866485595703
0.2363288402557373
0.23641204833984375
0.2452406883239746
0.24563264846801758
0.24775171279907227
0.2478334903717041
0.24734759330749512
0.2432091236114502
0.2346971035003662
0.23833608627319336
0.24609112739562988
0.24770402908325195
0.24794888496398926
0.247664213180542
0.24687409400939941
0.24722599983215332
0.24112319946289062
0.23184561729431152
0.24410414695739746
0.24892663955688477
0.24733662605285645
0.24781036376953125
0.24781155586242676
0.24789094924926758
0.24406027793884277
0.23364758491516113
0.24033689498901367
0.24776268005371094
0.2467365264892578
0.2463381290435791
0.24480175971984863
0.24365973472595215
0.23350906372070312
0.24056029319763184
0.16999030113220215
0.13710832595825195
0.1907494068145752
0.23671460151672363
0.24146151542663574
0.24450397491455078
0.24598336219787598
0.24635577201843262
0.24643373489379883
0.2473008632659912
0.24505925178527832
0.24612045288085938
0.24582529067993164
0.24909567832946777
0.2484452724456787
0.24911880493164062
0.2487928867340088
0.25231385231018066
0.2502932548522949
0.25156521797180176
0.25138115882873535
0.24979352951049805
0.25307750701904297
0.2526848316192627
0.25313425064086914
0.25136399269104004
0.2523152828216553
0.25289297103881836
0.2514796257019043
0.2506721019744873
0.2523202896118164
0.252361536026001
0.25265932083129883
0.24779343605041504
0.24622893333435059
0.24359369277954102
0.23521661758422852
0.23903441429138184
0.24426007270812988
0.2454667091369629
0.24603271484375
0.24611353874206543
0.2454681396484375
0.21490836143493652
0.1326003074645996
0.13227033615112305
0.13221025466918945
0.13219523429870605
0.132415771484375
0.1322038173675537
0.1320505142211914
0.132249116897583
0.13327574729919434
0.13261651992797852
0.13215947151184082
0.13199162483215332
0.13211393356323242
0.13216686248779297
0.1322627067565918
0.1320960521697998
0.1322014331817627
0.13209319114685059
0.13211297988891602
0.13219261169433594
0.13220477104187012
0.132155179977417
0.13216423988342285
0.13216233253479004
0.13230085372924805
0.13211750984191895
0.1321868896484375
0.1325066089630127
0.13219332695007324
0.13212180137634277
0.13212251663208008
0.13219118118286133
0.1335127353668213
0.1321723461151123
0.13211703300476074
0.13230204582214355
0.1320645809173584
0.13217687606811523
0.13211512565612793
0.1322314739227295
0.1322319507598877
0.1322166919708252
0.13205718994140625
0.1320934295654297
0.13208341598510742
0.13215947151184082
0.1323378086090088
0.13214921951293945
0.1322033405303955
0.13222479820251465
0.13212871551513672
0.13216638565063477
0.13217377662658691
0.13218092918395996
0.13207626342773438
0.13212800025939941
0.13213491439819336
0.13210558891296387
0.13204336166381836
0.13208723068237305
0.1322181224822998
0.13220500946044922
0.13214945793151855
0.13216757774353027
0.13220620155334473
0.1321723461151123
0.13215994834899902
0.13219881057739258
0.13223862648010254
0.13230681419372559
0.13225984573364258
0.13219213485717773
0.13228535652160645
0.13209319114685059
0.13216209411621094
0.13220548629760742
0.13228988647460938
0.13214492797851562
0.13214778900146484
0.13214921951293945
0.13210153579711914
0.1322004795074463
0.13225531578063965
0.1322481632232666
0.13230228424072266
0.13226842880249023
0.13222193717956543
0.13221359252929688
0.13214492797851562
0.13218450546264648
0.13213205337524414
0.13217568397521973
0.1320347785949707
0.1320810317993164
0.13213157653808594
0.13213825225830078
0.13281822204589844
0.1323082447052002
0.13220643997192383
0.1321864128112793
0.13220453262329102
0.13210082054138184
0.13207745552062988
0.13208961486816406
0.13210058212280273
0.13245034217834473
0.1321415901184082
0.1322340965270996
0.1321277618408203
0.1321423053741455
0.132124662399292
0.13220691680908203
0.13215065002441406
0.1320815086364746
0.13214778900146484
0.132246732711792
0.1321089267730713
0.1321573257446289
0.13216304779052734
0.13225865364074707
0.1320953369140625
0.1321706771850586
0.13212156295776367
0.13205552101135254
0.13213133811950684
0.1321709156036377
0.13210487365722656
0.1322939395904541
0.13219022750854492
0.13212203979492188
0.13218116760253906
0.13244247436523438
0.13213109970092773
0.13214421272277832
0.13210225105285645
0.1321566104888916
0.1321582794189453
0.13205957412719727
0.1321430206298828
0.13207197189331055
0.132110595703125
0.13207769393920898
0.13231611251831055
0.13213706016540527
0.13219141960144043
0.13213086128234863
0.13212323188781738
0.13217878341674805
0.13216185569763184
0.1321549415588379
0.13209223747253418
0.13211798667907715
0.13213396072387695
0.13208913803100586
0.13212370872497559
0.1321544647216797
0.13215065002441406
0.13309049606323242
0.13213109970092773
0.13214659690856934
0.1323854923248291
0.1322193145751953
0.13219332695007324
0.13225603103637695
0.13213276863098145
0.13219285011291504
0.13217377662658691
0.13216876983642578
0.13211965560913086
0.13215875625610352
0.13222360610961914
0.13212990760803223
0.13354754447937012
0.13225221633911133
0.13216829299926758
0.13216280937194824
0.13219094276428223
0.13222002983093262
0.13210511207580566
0.13210558891296387
0.13215136528015137
0.13222932815551758
0.13218021392822266
0.13211679458618164
0.13221955299377441
0.13213539123535156
0.1321125030517578
0.13353729248046875
0.13213038444519043
0.1321275234222412
0.13219666481018066
0.13219904899597168
0.13212037086486816
0.13208842277526855
0.13219690322875977
0.13221144676208496
0.1328728199005127
0.13234734535217285
0.13217496871948242
0.13228106498718262
0.13213324546813965
0.14178061485290527
0.1403675079345703
0.13940978050231934
0.13923931121826172
0.13892769813537598
0.13916897773742676
0.13904857635498047
0.1389172077178955
0.13909506797790527
0.1346137523651123
0.1323869228363037
0.13192343711853027
0.13216447830200195
0.1323072910308838
0.131972074508667
0.1318814754486084
0.13274574279785156
0.1319866180419922
0.131788969039917
0.13259148597717285
0.13277888298034668
0.13203716278076172
0.13193583488464355
0.13176560401916504
0.1318204402923584
0.1322343349456787
0.13408279418945312
0.1322770118713379
0.1323556900024414
0.1320953369140625
0.13226962089538574
0.1319584846496582
0.1317911148071289
0.13164520263671875
0.1318962574005127
0.13172173500061035
0.1315317153930664
0.13155603408813477
0.13156414031982422
0.13163304328918457
0.13182783126831055
0.1315624713897705
0.13301897048950195
0.1319572925567627
0.13175010681152344
0.13163137435913086
0.13156819343566895
0.1315629482269287
0.13166332244873047
0.13154983520507812
0.13167095184326172
0.1331040859222412
0.13210105895996094
0.13430571556091309
0.1325223445892334
0.13225913047790527
0.13183832168579102
0.13164663314819336
0.13155078887939453
0.13315463066101074
0.1332716941833496
0.13218331336975098
0.13338899612426758
0.13210391998291016
0.13178539276123047
0.14774775505065918
0.15374469757080078
0.15130305290222168
0.15243148803710938
0.1522071361541748
0.15008974075317383
0.15020203590393066
0.14487481117248535
0.14937114715576172
0.15164875984191895
0.15141654014587402
0.1505422592163086
0.1335592269897461
0.1336076259613037
0.1395719051361084
0.13955140113830566
0.14420580863952637
0.1438617706298828
0.14813566207885742
0.1481940746307373
0.14405322074890137
0.14812421798706055
0.14824128150939941
0.14834356307983398
0.14987707138061523
0.1441173553466797
0.14585661888122559
0.15162181854248047
0.150007963180542
0.14506220817565918
0.15108418464660645
0.15159249305725098
0.14854955673217773
0.14959001541137695
0.1480088233947754
0.1441507339477539
0.1446523666381836
0.1531980037689209
0.15115785598754883
0.15203094482421875
0.15425944328308105
0.1517014503479004
0.23290228843688965
0.23768186569213867
0.2344040870666504
0.2447516918182373
0.24535894393920898
0.2526819705963135
0.2486402988433838
0.2428874969482422
0.23810839653015137
0.23975181579589844
0.23846125602722168
0.2449042797088623
0.24623465538024902
0.2484145164489746
0.25139856338500977
0.25295042991638184
0.2449779510498047
0.24977493286132812
0.24876117706298828
0.24542975425720215
0.24342870712280273
0.23119759559631348
0.24184465408325195
0.24554038047790527
0.2474370002746582
0.24912142753601074
0.2525606155395508
0.2504758834838867
0.2481377124786377
0.24573230743408203
0.23808026313781738
0.23791193962097168
0.24264240264892578
0.24473357200622559
0.2521204948425293
0.24977993965148926
0.24721360206604004
0.252302885055542
0.24808359146118164
0.2487778663635254
0.2460498809814453
0.24068188667297363
0.24239063262939453
0.24086546897888184
0.2425365447998047
0.2392561435699463
0.24327683448791504
0.2499077320098877
0.2490386962890625
0.2455730438232422
0.24934887886047363
0.2523229122161865
0.25239014625549316
0.24989771842956543
0.2454535961151123
0.23879528045654297
0.2353832721710205
0.24216413497924805
0.24542808532714844
0.25144362449645996
0.2518773078918457
0.2468268871307373
0.25087642669677734
0.2477571964263916
0.24705839157104492
0.24701666831970215
0.24120092391967773
0.23813962936401367
0.24314332008361816
0.24150657653808594
0.24246835708618164
0.2457718849182129
