1c-7g-80gb
#Entity   GRACT        SMACT        SMOCC        TENSO        DRAMA        FP64A        FP32A        FP16A        
ID                                                                                                                
GPU-I 0   0.000        0.000        0.000        0.000        0.021        0.000        0.000        0.000        
GPU-I 0   0.000        0.000        0.000        0.000        0.000        0.000        0.000        0.000        
GPU-I 0   0.000        0.000        0.000        0.000        0.000        0.000        0.000        0.000        
GPU-I 0   0.000        0.000        0.000        0.000        0.000        0.000        0.000        0.000        
GPU-I 0   0.000        0.000        0.000        0.000        0.000        0.000        0.000        0.000        
GPU-I 0   0.000        0.000        0.000        0.000        0.000        0.000        0.000        0.000        
GPU-I 0   0.000        0.000        0.000        0.000        0.000        0.000        0.000        0.000        
GPU-I 0   0.000        0.000        0.000        0.000        0.000        0.000        0.000        0.000        
GPU-I 0   0.000        0.000        0.000        0.000        0.000        0.000        0.000        0.000        
GPU-I 0   0.000        0.000        0.000        0.000        0.000        0.000        0.000        0.000        
GPU-I 0   0.000        0.000        0.000        0.000        0.000        0.000        0.000        0.000        
GPU-I 0   0.000        0.000        0.000        0.000        0.000        0.000        0.000        0.000        
GPU-I 0   0.000        0.000        0.000        0.000        0.000        0.000        0.000        0.000        
GPU-I 0   0.000        0.000        0.000        0.000        0.000        0.000        0.000        0.000        
GPU-I 0   0.000        0.000        0.000        0.000        0.000        0.000        0.000        0.000        
#Entity   GRACT        SMACT        SMOCC        TENSO        DRAMA        FP64A        FP32A        FP16A        
ID                                                                                                                
GPU-I 0   0.000        0.000        0.000        0.000        0.000        0.000        0.000        0.000        
GPU-I 0   0.000        0.000        0.000        0.000        0.000        0.000        0.000        0.000        
GPU-I 0   0.000        0.000        0.000        0.000        0.000        0.000        0.000        0.000        
GPU-I 0   0.000        0.000        0.000        0.000        0.000        0.000        0.000        0.000        
GPU-I 0   0.000        0.000        0.000        0.000        0.000        0.000        0.000        0.000        
GPU-I 0   0.000        0.000        0.000        0.000        0.000        0.000        0.000        0.000        
GPU-I 0   0.000        0.000        0.000        0.000        0.000        0.000        0.000        0.000        
GPU-I 0   0.015        0.000        0.000        0.000        0.001        0.000        0.000        0.000        
GPU-I 0   0.011        0.000        0.000        0.000        0.001        0.000        0.000        0.000        
GPU-I 0   0.631        0.000        0.000        0.000        0.173        0.000        0.776        0.000        
GPU-I 0   0.998        0.952        0.301        0.001        0.178        0.000        0.777        0.000        
GPU-I 0   0.998        0.956        0.296        0.001        0.178        0.000        0.769        0.000        
GPU-I 0   0.998        0.951        0.303        0.001        0.178        0.000        0.770        0.000        
GPU-I 0   0.998        0.953        0.302        0.001        0.178        0.000        0.794        0.000        
#Entity   GRACT        SMACT        SMOCC        TENSO        DRAMA        FP64A        FP32A        FP16A        
ID                                                                                                                
GPU-I 0   0.998        0.956        0.295        0.001        0.178        0.000        0.772        0.000        
GPU-I 0   0.998        0.953        0.302        0.001        0.178        0.000        0.769        0.000        
GPU-I 0   0.998        0.952        0.302        0.001        0.180        0.000        0.793        0.000        
GPU-I 0   0.998        0.956        0.295        0.001        0.178        0.000        0.773        0.000        
GPU-I 0   0.999        0.955        0.296        0.001        0.178        0.000        0.770        0.000        
GPU-I 0   0.999        0.953        0.302        0.001        0.178        0.000        0.793        0.000        
GPU-I 0   0.998        0.952        0.302        0.001        0.179        0.000        0.772        0.000        
GPU-I 0   0.998        0.956        0.297        0.001        0.178        0.000        0.770        0.000        
GPU-I 0   0.999        0.953        0.302        0.001        0.177        0.000        0.792        0.000        
GPU-I 0   0.998        0.952        0.302        0.001        0.178        0.000        0.776        0.000        
GPU-I 0   0.998        0.954        0.299        0.001        0.177        0.000        0.773        0.000        
GPU-I 0   0.998        0.952        0.301        0.001        0.178        0.000        0.791        0.000        
GPU-I 0   0.998        0.954        0.297        0.001        0.180        0.000        0.775        0.000        
GPU-I 0   0.998        0.952        0.302        0.001        0.178        0.000        0.770        0.000        
#Entity   GRACT        SMACT        SMOCC        TENSO        DRAMA        FP64A        FP32A        FP16A        
ID                                                                                                                
GPU-I 0   0.998        0.953        0.301        0.001        0.178        0.000        0.790        0.000        
GPU-I 0   0.998        0.956        0.297        0.001        0.181        0.000        0.776        0.000        
GPU-I 0   0.998        0.953        0.302        0.001        0.178        0.000        0.770        0.000        
GPU-I 0   0.999        0.953        0.302        0.001        0.178        0.000        0.790        0.000        
GPU-I 0   0.489        0.000        0.000        0.000        0.178        0.000        0.743        0.000        
1c-4g-40gb
#Entity   GRACT        SMACT        SMOCC        TENSO        DRAMA        FP64A        FP32A        FP16A        
ID                                                                                                                
GPU-I 0   0.000        0.000        0.000        0.000        0.042        0.000        0.000        0.000        
GPU-I 0   0.000        0.000        0.000        0.000        0.000        0.000        0.000        0.000        
GPU-I 0   0.000        0.000        0.000        0.000        0.000        0.000        0.000        0.000        
GPU-I 0   0.000        0.000        0.000        0.000        0.000        0.000        0.000        0.000        
GPU-I 0   0.000        0.000        0.000        0.000        0.000        0.000        0.000        0.000        
GPU-I 0   0.000        0.000        0.000        0.000        0.000        0.000        0.000        0.000        
GPU-I 0   0.000        0.000        0.000        0.000        0.000        0.000        0.000        0.000        
GPU-I 0   0.000        0.000        0.000        0.000        0.000        0.000        0.000        0.000        
GPU-I 0   0.000        0.000        0.000        0.000        0.000        0.000        0.000        0.000        
GPU-I 0   0.000        0.000        0.000        0.000        0.000        0.000        0.000        0.000        
GPU-I 0   0.000        0.000        0.000        0.000        0.000        0.000        0.000        0.000        
GPU-I 0   0.000        0.000        0.000        0.000        0.000        0.000        0.000        0.000        
GPU-I 0   0.000        0.000        0.000        0.000        0.000        0.000        0.000        0.000        
GPU-I 0   0.000        0.000        0.000        0.000        0.000        0.000        0.000        0.000        
GPU-I 0   0.023        0.000        0.000        0.000        0.002        0.000        0.000        0.000        
#Entity   GRACT        SMACT        SMOCC        TENSO        DRAMA        FP64A        FP32A        FP16A        
ID                                                                                                                
GPU-I 0   0.012        0.000        0.000        0.000        0.002        0.000        0.000        0.000        
GPU-I 0   0.522        0.077        0.033        0.000        0.206        0.000        0.000        0.000        
GPU-I 0   0.999        0.952        0.366        0.001        0.206        0.000        0.765        0.000        
GPU-I 0   0.999        0.952        0.366        0.001        0.205        0.000        0.768        0.000        
GPU-I 0   0.999        0.951        0.365        0.001        0.204        0.000        0.767        0.000        
GPU-I 0   0.999        0.952        0.366        0.001        0.207        0.000        0.765        0.000        
GPU-I 0   0.999        0.952        0.366        0.001        0.204        0.000        0.768        0.000        
GPU-I 0   0.999        0.952        0.366        0.001        0.207        0.000        0.766        0.000        
GPU-I 0   0.999        0.952        0.365        0.001        0.205        0.000        0.768        0.000        
GPU-I 0   0.999        0.951        0.365        0.001        0.205        0.000        0.767        0.000        
GPU-I 0   0.999        0.952        0.366        0.001        0.207        0.000        0.766        0.000        
GPU-I 0   0.999        0.952        0.365        0.001        0.205        0.000        0.768        0.000        
GPU-I 0   0.999        0.952        0.366        0.001        0.207        0.000        0.767        0.000        
GPU-I 0   0.999        0.952        0.366        0.001        0.205        0.000        0.767        0.000        
#Entity   GRACT        SMACT        SMOCC        TENSO        DRAMA        FP64A        FP32A        FP16A        
ID                                                                                                                
GPU-I 0   0.999        0.951        0.364        0.001        0.206        0.000        0.768        0.000        
GPU-I 0   0.999        0.951        0.364        0.001        0.206        0.000        0.767        0.000        
GPU-I 0   0.999        0.951        0.365        0.001        0.207        0.000        0.765        0.000        
GPU-I 0   0.999        0.951        0.366        0.001        0.210        0.000        0.765        0.000        
GPU-I 0   0.999        0.952        0.366        0.001        0.208        0.000        0.764        0.000        
GPU-I 0   0.999        0.952        0.369        0.001        0.207        0.000        0.768        0.000        
GPU-I 0   0.999        0.953        0.370        0.001        0.208        0.000        0.769        0.000        
GPU-I 0   0.999        0.952        0.371        0.001        0.208        0.000        0.765        0.000        
GPU-I 0   0.999        0.953        0.370        0.001        0.208        0.000        0.764        0.000        
GPU-I 0   0.999        0.953        0.370        0.001        0.207        0.000        0.765        0.000        
GPU-I 0   0.999        0.953        0.370        0.001        0.208        0.000        0.768        0.000        
GPU-I 0   0.999        0.953        0.372        0.001        0.208        0.000        0.769        0.000        
GPU-I 0   0.999        0.953        0.370        0.001        0.208        0.000        0.765        0.000        
GPU-I 0   0.999        0.953        0.370        0.001        0.208        0.000        0.764        0.000        
#Entity   GRACT        SMACT        SMOCC        TENSO        DRAMA        FP64A        FP32A        FP16A        
ID                                                                                                                
GPU-I 0   0.999        0.953        0.368        0.001        0.207        0.000        0.764        0.000        
GPU-I 0   0.999        0.953        0.368        0.001        0.208        0.000        0.768        0.000        
GPU-I 0   0.999        0.953        0.369        0.001        0.208        0.000        0.769        0.000        
GPU-I 0   0.999        0.952        0.368        0.001        0.207        0.000        0.765        0.000        
GPU-I 0   0.999        0.952        0.367        0.001        0.207        0.000        0.764        0.000        
GPU-I 0   0.999        0.953        0.368        0.001        0.208        0.000        0.764        0.000        
GPU-I 0   0.999        0.953        0.369        0.001        0.208        0.000        0.768        0.000        
GPU-I 0   0.999        0.953        0.369        0.001        0.208        0.000        0.769        0.000        
GPU-I 0   0.999        0.952        0.369        0.001        0.207        0.000        0.765        0.000        
GPU-I 0   0.999        0.952        0.367        0.001        0.207        0.000        0.764        0.000        
GPU-I 0   0.999        0.953        0.368        0.001        0.208        0.000        0.767        0.000        
GPU-I 0   0.999        0.952        0.370        0.001        0.209        0.000        0.769        0.000        
GPU-I 0   0.999        0.952        0.368        0.001        0.208        0.000        0.768        0.000        
GPU-I 0   0.999        0.953        0.368        0.001        0.207        0.000        0.765        0.000        
1c-3g-40gb
#Entity   GRACT        SMACT        SMOCC        TENSO        DRAMA        FP64A        FP32A        FP16A        
ID                                                                                                                
GPU-I 0   0.000        0.000        0.000        0.000        0.040        0.000        0.000        0.000        
GPU-I 0   0.000        0.000        0.000        0.000        0.000        0.000        0.000        0.000        
GPU-I 0   0.000        0.000        0.000        0.000        0.000        0.000        0.000        0.000        
GPU-I 0   0.000        0.000        0.000        0.000        0.000        0.000        0.000        0.000        
GPU-I 0   0.000        0.000        0.000        0.000        0.000        0.000        0.000        0.000        
GPU-I 0   0.000        0.000        0.000        0.000        0.000        0.000        0.000        0.000        
GPU-I 0   0.000        0.000        0.000        0.000        0.000        0.000        0.000        0.000        
GPU-I 0   0.000        0.000        0.000        0.000        0.000        0.000        0.000        0.000        
GPU-I 0   0.000        0.000        0.000        0.000        0.000        0.000        0.000        0.000        
GPU-I 0   0.000        0.000        0.000        0.000        0.000        0.000        0.000        0.000        
GPU-I 0   0.000        0.000        0.000        0.000        0.000        0.000        0.000        0.000        
GPU-I 0   0.000        0.000        0.000        0.000        0.000        0.000        0.000        0.000        
GPU-I 0   0.000        0.000        0.000        0.000        0.000        0.000        0.000        0.000        
GPU-I 0   0.000        0.000        0.000        0.000        0.000        0.000        0.000        0.000        
GPU-I 0   0.000        0.000        0.000        0.000        0.000        0.000        0.000        0.000        
#Entity   GRACT        SMACT        SMOCC        TENSO        DRAMA        FP64A        FP32A        FP16A        
ID                                                                                                                
GPU-I 0   0.000        0.000        0.000        0.000        0.000        0.000        0.000        0.000        
GPU-I 0   0.000        0.000        0.000        0.000        0.000        0.000        0.000        0.000        
GPU-I 0   0.000        0.000        0.000        0.000        0.000        0.000        0.000        0.000        
GPU-I 0   0.000        0.000        0.000        0.000        0.000        0.000        0.000        0.000        
GPU-I 0   0.000        0.000        0.000        0.000        0.000        0.000        0.000        0.000        
GPU-I 0   0.021        0.000        0.000        0.000        0.002        0.000        0.000        0.000        
GPU-I 0   0.019        0.000        0.000        0.000        0.005        0.000        0.000        0.000        
GPU-I 0   0.999        0.960        0.383        0.002        0.168        0.000        0.827        0.000        
GPU-I 0   0.999        0.964        0.349        0.001        0.170        0.000        0.805        0.000        
GPU-I 0   0.999        0.963        0.374        0.001        0.169        0.000        0.789        0.000        
GPU-I 0   0.999        0.963        0.384        0.001        0.170        0.000        0.812        0.000        
GPU-I 0   1.000        0.963        0.343        0.001        0.166        0.000        0.794        0.000        
GPU-I 0   1.000        0.963        0.385        0.002        0.170        0.000        0.832        0.000        
GPU-I 0   0.999        0.963        0.385        0.002        0.169        0.000        0.798        0.000        
#Entity   GRACT        SMACT        SMOCC        TENSO        DRAMA        FP64A        FP32A        FP16A        
ID                                                                                                                
GPU-I 0   0.999        0.961        0.353        0.001        0.170        0.000        0.789        0.000        
GPU-I 0   1.000        0.963        0.386        0.002        0.169        0.000        0.838        0.000        
GPU-I 0   0.999        0.964        0.382        0.002        0.170        0.000        0.793        0.000        
GPU-I 0   0.999        0.961        0.352        0.001        0.166        0.000        0.794        0.000        
GPU-I 0   0.999        0.962        0.386        0.001        0.170        0.000        0.833        0.000        
GPU-I 0   0.999        0.966        0.366        0.001        0.170        0.000        0.790        0.000        
GPU-I 0   0.999        0.962        0.356        0.001        0.165        0.000        0.793        0.000        
GPU-I 0   0.999        0.963        0.386        0.002        0.169        0.000        0.805        0.000        
GPU-I 0   0.999        0.965        0.362        0.001        0.165        0.000        0.794        0.000        
GPU-I 0   0.999        0.962        0.361        0.001        0.170        0.000        0.789        0.000        
GPU-I 0   0.999        0.964        0.372        0.001        0.169        0.000        0.808        0.000        
GPU-I 0   0.999        0.963        0.371        0.001        0.167        0.000        0.794        0.000        
GPU-I 0   1.000        0.964        0.383        0.001        0.165        0.000        0.826        0.000        
GPU-I 0   1.000        0.964        0.349        0.001        0.169        0.000        0.805        0.000        
#Entity   GRACT        SMACT        SMOCC        TENSO        DRAMA        FP64A        FP32A        FP16A        
ID                                                                                                                
GPU-I 0   0.999        0.963        0.374        0.001        0.170        0.000        0.794        0.000        
GPU-I 0   0.999        0.962        0.385        0.002        0.170        0.000        0.826        0.000        
GPU-I 0   0.999        0.965        0.345        0.001        0.169        0.000        0.801        0.000        
GPU-I 0   0.999        0.963        0.380        0.001        0.170        0.000        0.789        0.000        
GPU-I 0   0.999        0.963        0.383        0.001        0.166        0.000        0.830        0.000        
GPU-I 0   1.000        0.963        0.344        0.001        0.170        0.000        0.797        0.000        
GPU-I 0   0.999        0.963        0.383        0.001        0.170        0.000        0.794        0.000        
GPU-I 0   0.999        0.963        0.382        0.001        0.166        0.000        0.829        0.000        
GPU-I 0   0.999        0.962        0.357        0.001        0.167        0.000        0.797        0.000        
GPU-I 0   0.999        0.964        0.383        0.001        0.165        0.000        0.793        0.000        
GPU-I 0   0.999        0.962        0.383        0.001        0.170        0.000        0.831        0.000        
GPU-I 0   1.000        0.962        0.356        0.001        0.168        0.000        0.793        0.000        
GPU-I 0   0.999        0.963        0.383        0.002        0.169        0.000        0.790        0.000        
GPU-I 0   1.000        0.966        0.364        0.001        0.165        0.000        0.836        0.000        
#Entity   GRACT        SMACT        SMOCC        TENSO        DRAMA        FP64A        FP32A        FP16A        
ID                                                                                                                
GPU-I 0   1.000        0.962        0.360        0.001        0.169        0.000        0.790        0.000        
GPU-I 0   0.999        0.964        0.382        0.001        0.169        0.000        0.789        0.000        
GPU-I 0   0.999        0.965        0.361        0.001        0.169        0.000        0.809        0.000        
GPU-I 0   0.999        0.962        0.364        0.001        0.166        0.000        0.791        0.000        
GPU-I 0   0.999        0.963        0.382        0.001        0.167        0.000        0.807        0.000        
GPU-I 0   0.999        0.965        0.357        0.001        0.170        0.000        0.808        0.000        
GPU-I 0   0.999        0.963        0.368        0.001        0.169        0.000        0.789        0.000        
GPU-I 0   0.999        0.963        0.383        0.001        0.170        0.000        0.823        0.000        
GPU-I 0   0.999        0.965        0.352        0.001        0.167        0.000        0.802        0.000        
GPU-I 0   0.999        0.963        0.374        0.001        0.170        0.000        0.788        0.000        
GPU-I 0   0.999        0.963        0.383        0.001        0.168        0.000        0.814        0.000        
GPU-I 0   0.999        0.964        0.345        0.001        0.169        0.000        0.790        0.000        
GPU-I 0   1.000        0.963        0.382        0.001        0.171        0.000        0.832        0.000        
GPU-I 0   0.999        0.964        0.386        0.002        0.170        0.000        0.797        0.000        
#Entity   GRACT        SMACT        SMOCC        TENSO        DRAMA        FP64A        FP32A        FP16A        
ID                                                                                                                
GPU-I 0   0.999        0.963        0.346        0.001        0.165        0.000        0.794        0.000        
GPU-I 0   0.999        0.964        0.387        0.002        0.169        0.000        0.833        0.000        
GPU-I 0   0.825        0.963        0.386        0.001        0.169        0.000        0.519        0.000        
1c-2g-20gb
#Entity   GRACT        SMACT        SMOCC        TENSO        DRAMA        FP64A        FP32A        FP16A        
ID                                                                                                                
GPU-I 0   0.000        0.000        0.000        0.000        0.079        0.000        0.000        0.000        
GPU-I 0   0.000        0.000        0.000        0.000        0.000        0.000        0.000        0.000        
GPU-I 0   0.000        0.000        0.000        0.000        0.000        0.000        0.000        0.000        
GPU-I 0   0.000        0.000        0.000        0.000        0.000        0.000        0.000        0.000        
GPU-I 0   0.000        0.000        0.000        0.000        0.000        0.000        0.000        0.000        
GPU-I 0   0.000        0.000        0.000        0.000        0.000        0.000        0.000        0.000        
GPU-I 0   0.000        0.000        0.000        0.000        0.000        0.000        0.000        0.000        
GPU-I 0   0.000        0.000        0.000        0.000        0.000        0.000        0.000        0.000        
GPU-I 0   0.000        0.000        0.000        0.000        0.000        0.000        0.000        0.000        
GPU-I 0   0.000        0.000        0.000        0.000        0.000        0.000        0.000        0.000        
GPU-I 0   0.000        0.000        0.000        0.000        0.000        0.000        0.000        0.000        
GPU-I 0   0.000        0.000        0.000        0.000        0.000        0.000        0.000        0.000        
GPU-I 0   0.000        0.000        0.000        0.000        0.000        0.000        0.000        0.000        
GPU-I 0   0.000        0.000        0.000        0.000        0.000        0.000        0.000        0.000        
GPU-I 0   0.000        0.000        0.000        0.000        0.000        0.000        0.000        0.000        
#Entity   GRACT        SMACT        SMOCC        TENSO        DRAMA        FP64A        FP32A        FP16A        
ID                                                                                                                
GPU-I 0   0.000        0.000        0.000        0.000        0.000        0.000        0.000        0.000        
GPU-I 0   0.000        0.000        0.000        0.000        0.000        0.000        0.000        0.000        
GPU-I 0   0.000        0.000        0.000        0.000        0.000        0.000        0.000        0.000        
GPU-I 0   0.000        0.000        0.000        0.000        0.000        0.000        0.000        0.000        
GPU-I 0   0.000        0.000        0.000        0.000        0.000        0.000        0.000        0.000        
GPU-I 0   0.000        0.000        0.000        0.000        0.000        0.000        0.000        0.000        
GPU-I 0   0.000        0.000        0.000        0.000        0.000        0.000        0.000        0.000        
GPU-I 0   0.000        0.000        0.000        0.000        0.000        0.000        0.000        0.000        
GPU-I 0   0.000        0.000        0.000        0.000        0.000        0.000        0.000        0.000        
GPU-I 0   0.000        0.000        0.000        0.000        0.000        0.000        0.000        0.000        
GPU-I 0   0.018        0.000        0.000        0.000        0.001        0.000        0.000        0.000        
GPU-I 0   0.008        0.002        0.001        0.000        0.004        0.000        0.000        0.000        
GPU-I 0   0.869        0.465        0.209        0.001        0.271        0.000        0.740        0.000        
GPU-I 0   1.000        0.976        0.347        0.001        0.267        0.000        0.826        0.000        
#Entity   GRACT        SMACT        SMOCC        TENSO        DRAMA        FP64A        FP32A        FP16A        
ID                                                                                                                
GPU-I 0   0.999        0.976        0.432        0.002        0.273        0.000        0.740        0.000        
GPU-I 0   0.999        0.975        0.335        0.001        0.268        0.000        0.832        0.000        
GPU-I 0   0.999        0.976        0.441        0.002        0.273        0.000        0.734        0.000        
GPU-I 0   1.000        0.975        0.333        0.001        0.267        0.000        0.825        0.000        
GPU-I 0   0.999        0.977        0.444        0.002        0.273        0.000        0.733        0.000        
GPU-I 0   1.000        0.974        0.333        0.001        0.273        0.000        0.833        0.000        
GPU-I 0   0.999        0.977        0.444        0.002        0.272        0.000        0.740        0.000        
GPU-I 0   0.999        0.975        0.386        0.001        0.270        0.000        0.835        0.000        
GPU-I 0   1.000        0.972        0.366        0.001        0.259        0.000        0.777        0.000        
GPU-I 0   1.000        0.979        0.397        0.002        0.262        0.000        0.771        0.000        
GPU-I 0   0.999        0.973        0.377        0.001        0.265        0.000        0.802        0.000        
GPU-I 0   1.000        0.978        0.388        0.002        0.265        0.000        0.766        0.000        
GPU-I 0   0.999        0.973        0.385        0.001        0.265        0.000        0.808        0.000        
GPU-I 0   1.000        0.977        0.381        0.001        0.263        0.000        0.764        0.000        
#Entity   GRACT        SMACT        SMOCC        TENSO        DRAMA        FP64A        FP32A        FP16A        
ID                                                                                                                
GPU-I 0   0.999        0.973        0.399        0.001        0.270        0.000        0.808        0.000        
GPU-I 0   1.000        0.977        0.371        0.001        0.263        0.000        0.759        0.000        
GPU-I 0   0.999        0.974        0.406        0.001        0.268        0.000        0.812        0.000        
GPU-I 0   1.000        0.977        0.363        0.001        0.268        0.000        0.752        0.000        
GPU-I 0   0.999        0.975        0.414        0.001        0.271        0.000        0.815        0.000        
GPU-I 0   1.000        0.976        0.349        0.001        0.269        0.000        0.747        0.000        
GPU-I 0   0.999        0.975        0.421        0.002        0.267        0.000        0.824        0.000        
GPU-I 0   0.999        0.975        0.338        0.001        0.271        0.000        0.740        0.000        
GPU-I 0   1.000        0.977        0.433        0.002        0.269        0.000        0.832        0.000        
GPU-I 0   0.999        0.975        0.331        0.001        0.273        0.000        0.732        0.000        
GPU-I 0   1.000        0.977        0.438        0.002        0.268        0.000        0.830        0.000        
GPU-I 0   0.999        0.974        0.333        0.001        0.273        0.000        0.734        0.000        
GPU-I 0   1.000        0.976        0.439        0.002        0.267        0.000        0.831        0.000        
GPU-I 0   0.999        0.974        0.338        0.001        0.274        0.000        0.734        0.000        
#Entity   GRACT        SMACT        SMOCC        TENSO        DRAMA        FP64A        FP32A        FP16A        
ID                                                                                                                
GPU-I 0   1.000        0.977        0.442        0.002        0.273        0.000        0.831        0.000        
GPU-I 0   0.999        0.975        0.336        0.001        0.266        0.000        0.742        0.000        
GPU-I 0   1.000        0.978        0.412        0.002        0.260        0.000        0.828        0.000        
GPU-I 0   1.000        0.971        0.370        0.001        0.262        0.000        0.797        0.000        
GPU-I 0   0.999        0.979        0.395        0.002        0.265        0.000        0.768        0.000        
GPU-I 0   1.000        0.973        0.378        0.001        0.266        0.000        0.780        0.000        
GPU-I 0   1.000        0.978        0.384        0.002        0.263        0.000        0.807        0.000        
GPU-I 0   0.999        0.973        0.396        0.001        0.271        0.000        0.753        0.000        
GPU-I 0   1.000        0.978        0.374        0.001        0.263        0.000        0.814        0.000        
GPU-I 0   0.999        0.973        0.400        0.001        0.267        0.000        0.753        0.000        
GPU-I 0   1.000        0.977        0.366        0.001        0.266        0.000        0.815        0.000        
GPU-I 0   0.999        0.975        0.410        0.001        0.271        0.000        0.747        0.000        
GPU-I 0   1.000        0.976        0.358        0.001        0.269        0.000        0.825        0.000        
GPU-I 0   0.999        0.975        0.418        0.001        0.268        0.000        0.747        0.000        
#Entity   GRACT        SMACT        SMOCC        TENSO        DRAMA        FP64A        FP32A        FP16A        
ID                                                                                                                
GPU-I 0   1.000        0.976        0.347        0.001        0.267        0.000        0.826        0.000        
GPU-I 0   0.999        0.976        0.433        0.002        0.275        0.000        0.741        0.000        
GPU-I 0   1.000        0.975        0.335        0.001        0.268        0.000        0.832        0.000        
GPU-I 0   0.999        0.976        0.441        0.002        0.273        0.000        0.735        0.000        
GPU-I 0   0.999        0.976        0.385        0.001        0.268        0.000        0.825        0.000        
GPU-I 0   1.000        0.975        0.337        0.001        0.266        0.000        0.740        0.000        
GPU-I 0   0.999        0.976        0.441        0.002        0.274        0.000        0.826        0.000        
GPU-I 0   1.000        0.975        0.333        0.001        0.273        0.000        0.733        0.000        
GPU-I 0   0.999        0.978        0.422        0.002        0.266        0.000        0.826        0.000        
GPU-I 0   1.000        0.973        0.365        0.001        0.259        0.000        0.776        0.000        
GPU-I 0   1.000        0.979        0.397        0.002        0.262        0.000        0.772        0.000        
GPU-I 0   0.999        0.973        0.377        0.001        0.265        0.000        0.802        0.000        
GPU-I 0   1.000        0.979        0.388        0.002        0.266        0.000        0.767        0.000        
GPU-I 0   0.999        0.973        0.385        0.001        0.263        0.000        0.808        0.000        
#Entity   GRACT        SMACT        SMOCC        TENSO        DRAMA        FP64A        FP32A        FP16A        
ID                                                                                                                
GPU-I 0   1.000        0.977        0.381        0.002        0.264        0.000        0.764        0.000        
GPU-I 0   0.999        0.974        0.399        0.001        0.271        0.000        0.808        0.000        
GPU-I 0   1.000        0.977        0.371        0.001        0.263        0.000        0.760        0.000        
GPU-I 0   1.000        0.974        0.406        0.001        0.267        0.000        0.812        0.000        
GPU-I 0   0.999        0.976        0.359        0.001        0.269        0.000        0.754        0.000        
GPU-I 0   1.000        0.975        0.419        0.001        0.269        0.000        0.824        0.000        
GPU-I 0   0.999        0.976        0.351        0.001        0.271        0.000        0.743        0.000        
GPU-I 0   1.000        0.976        0.427        0.002        0.271        0.000        0.823        0.000        
GPU-I 0   0.999        0.975        0.338        0.001        0.268        0.000        0.741        0.000        
GPU-I 0   1.000        0.977        0.433        0.002        0.269        0.000        0.830        0.000        
GPU-I 0   0.999        0.974        0.332        0.001        0.272        0.000        0.733        0.000        
GPU-I 0   1.000        0.976        0.438        0.002        0.268        0.000        0.830        0.000        
GPU-I 0   0.999        0.975        0.333        0.001        0.273        0.000        0.734        0.000        
GPU-I 0   1.000        0.976        0.439        0.002        0.267        0.000        0.831        0.000        
#Entity   GRACT        SMACT        SMOCC        TENSO        DRAMA        FP64A        FP32A        FP16A        
ID                                                                                                                
GPU-I 0   0.999        0.974        0.337        0.001        0.274        0.000        0.734        0.000        
GPU-I 0   1.000        0.977        0.442        0.002        0.273        0.000        0.831        0.000        
GPU-I 0   1.000        0.975        0.335        0.001        0.269        0.000        0.769        0.000        
GPU-I 0   1.000        0.979        0.402        0.002        0.267        0.000        0.800        0.000        
GPU-I 0   0.999        0.972        0.372        0.001        0.265        0.000        0.766        0.000        
GPU-I 0   1.000        0.979        0.392        0.002        0.264        0.000        0.808        0.000        
GPU-I 0   0.999        0.973        0.385        0.001        0.265        0.000        0.763        0.000        
GPU-I 0   1.000        0.978        0.382        0.001        0.267        0.000        0.811        0.000        
1c-1g-10gb
#Entity   GRACT        SMACT        SMOCC        TENSO        DRAMA        FP64A        FP32A        FP16A        
ID                                                                                                                
GPU-I 0   0.000        0.000        0.000        0.000        0.159        0.000        0.000        0.000        
GPU-I 0   0.000        0.000        0.000        0.000        0.000        0.000        0.000        0.000        
GPU-I 0   0.000        0.000        0.000        0.000        0.000        0.000        0.000        0.000        
GPU-I 0   0.000        0.000        0.000        0.000        0.000        0.000        0.000        0.000        
GPU-I 0   0.000        0.000        0.000        0.000        0.000        0.000        0.000        0.000        
GPU-I 0   0.000        0.000        0.000        0.000        0.000        0.000        0.000        0.000        
GPU-I 0   0.000        0.000        0.000        0.000        0.000        0.000        0.000        0.000        
GPU-I 0   0.000        0.000        0.000        0.000        0.000        0.000        0.000        0.000        
GPU-I 0   0.000        0.000        0.000        0.000        0.000        0.000        0.000        0.000        
GPU-I 0   0.000        0.000        0.000        0.000        0.000        0.000        0.000        0.000        
GPU-I 0   0.000        0.000        0.000        0.000        0.000        0.000        0.000        0.000        
GPU-I 0   0.000        0.000        0.000        0.000        0.000        0.000        0.000        0.000        
GPU-I 0   0.000        0.000        0.000        0.000        0.000        0.000        0.000        0.000        
GPU-I 0   0.000        0.000        0.000        0.000        0.000        0.000        0.000        0.000        
GPU-I 0   0.000        0.000        0.000        0.000        0.000        0.000        0.000        0.000        
#Entity   GRACT        SMACT        SMOCC        TENSO        DRAMA        FP64A        FP32A        FP16A        
ID                                                                                                                
GPU-I 0   0.000        0.000        0.000        0.000        0.000        0.000        0.000        0.000        
GPU-I 0   0.000        0.000        0.000        0.000        0.000        0.000        0.000        0.000        
GPU-I 0   0.000        0.000        0.000        0.000        0.000        0.000        0.000        0.000        
GPU-I 0   0.000        0.000        0.000        0.000        0.000        0.000        0.000        0.000        
GPU-I 0   0.000        0.000        0.000        0.000        0.000        0.000        0.000        0.000        
GPU-I 0   0.000        0.000        0.000        0.000        0.000        0.000        0.000        0.000        
GPU-I 0   0.000        0.000        0.000        0.000        0.000        0.000        0.000        0.000        
GPU-I 0   0.000        0.000        0.000        0.000        0.000        0.000        0.000        0.000        
GPU-I 0   0.000        0.000        0.000        0.000        0.000        0.000        0.000        0.000        
GPU-I 0   0.000        0.000        0.000        0.000        0.000        0.000        0.000        0.000        
GPU-I 0   0.000        0.000        0.000        0.000        0.000        0.000        0.000        0.000        
GPU-I 0   0.021        0.000        0.000        0.000        0.005        0.000        0.000        0.000        
GPU-I 0   0.009        0.004        0.002        0.000        0.006        0.000        0.000        0.000        
GPU-I 0   1.000        0.990        0.333        0.003        0.287        0.000        0.833        0.000        
#Entity   GRACT        SMACT        SMOCC        TENSO        DRAMA        FP64A        FP32A        FP16A        
ID                                                                                                                
GPU-I 0   1.000        0.975        0.403        0.001        0.378        0.000        0.836        0.000        
GPU-I 0   1.000        0.979        0.310        0.001        0.354        0.000        0.794        0.000        
GPU-I 0   0.999        0.980        0.309        0.001        0.354        0.000        0.704        0.000        
GPU-I 0   1.000        0.990        0.328        0.002        0.288        0.000        0.833        0.000        
GPU-I 0   1.000        0.983        0.400        0.002        0.354        0.000        0.847        0.000        
GPU-I 0   1.000        0.979        0.309        0.001        0.348        0.000        0.821        0.000        
GPU-I 0   0.999        0.978        0.317        0.001        0.342        0.000        0.698        0.000        
GPU-I 0   1.000        0.986        0.323        0.002        0.281        0.000        0.847        0.000        
GPU-I 0   1.000        0.982        0.374        0.001        0.335        0.000        0.833        0.000        
GPU-I 0   1.000        0.979        0.314        0.001        0.282        0.000        0.828        0.000        
GPU-I 0   0.999        0.981        0.315        0.001        0.370        0.000        0.803        0.000        
GPU-I 0   1.000        0.990        0.330        0.003        0.354        0.000        0.717        0.000        
GPU-I 0   1.000        0.981        0.397        0.001        0.356        0.000        0.832        0.000        
GPU-I 0   1.000        0.979        0.313        0.001        0.289        0.000        0.833        0.000        
#Entity   GRACT        SMACT        SMOCC        TENSO        DRAMA        FP64A        FP32A        FP16A        
ID                                                                                                                
GPU-I 0   1.000        0.979        0.306        0.001        0.353        0.000        0.813        0.000        
GPU-I 0   1.000        0.987        0.324        0.002        0.349        0.000        0.697        0.000        
GPU-I 0   0.999        0.984        0.399        0.002        0.341        0.000        0.833        0.000        
GPU-I 0   1.000        0.978        0.306        0.001        0.277        0.000        0.847        0.000        
GPU-I 0   1.000        0.979        0.316        0.001        0.337        0.000        0.830        0.000        
GPU-I 0   1.000        0.982        0.318        0.001        0.308        0.000        0.730        0.000        
GPU-I 0   1.000        0.990        0.331        0.003        0.361        0.000        0.728        0.000        
GPU-I 0   1.000        0.979        0.393        0.001        0.359        0.000        0.834        0.000        
GPU-I 0   0.999        0.978        0.315        0.001        0.355        0.000        0.837        0.000        
GPU-I 0   1.000        0.979        0.313        0.001        0.289        0.000        0.798        0.000        
GPU-I 0   1.000        0.989        0.325        0.002        0.355        0.000        0.701        0.000        
GPU-I 0   1.000        0.983        0.402        0.002        0.349        0.000        0.843        0.000        
GPU-I 0   1.000        0.980        0.313        0.001        0.342        0.000        0.829        0.000        
GPU-I 0   1.000        0.979        0.306        0.001        0.278        0.000        0.830        0.000        
#Entity   GRACT        SMACT        SMOCC        TENSO        DRAMA        FP64A        FP32A        FP16A        
ID                                                                                                                
GPU-I 0   1.000        0.985        0.320        0.002        0.336        0.000        0.696        0.000        
GPU-I 0   1.000        0.989        0.384        0.002        0.313        0.000        0.828        0.000        
GPU-I 0   1.000        0.978        0.382        0.001        0.354        0.000        0.841        0.000        
GPU-I 0   0.999        0.978        0.316        0.001        0.361        0.000        0.837        0.000        
GPU-I 0   1.000        0.980        0.313        0.001        0.287        0.000        0.809        0.000        
GPU-I 0   1.000        0.990        0.332        0.003        0.361        0.000        0.712        0.000        
GPU-I 0   1.000        0.981        0.397        0.001        0.353        0.000        0.839        0.000        
GPU-I 0   1.000        0.979        0.315        0.001        0.349        0.000        0.810        0.000        
GPU-I 0   0.999        0.979        0.313        0.001        0.342        0.000        0.702        0.000        
GPU-I 0   1.000        0.986        0.320        0.002        0.277        0.000        0.845        0.000        
GPU-I 0   1.000        0.987        0.413        0.002        0.347        0.000        0.832        0.000        
GPU-I 0   1.000        0.979        0.314        0.001        0.328        0.000        0.827        0.000        
GPU-I 0   1.000        0.980        0.306        0.001        0.342        0.000        0.797        0.000        
GPU-I 0   1.000        0.982        0.314        0.001        0.362        0.000        0.716        0.000        
#Entity   GRACT        SMACT        SMOCC        TENSO        DRAMA        FP64A        FP32A        FP16A        
ID                                                                                                                
GPU-I 0   1.000        0.990        0.326        0.002        0.290        0.000        0.833        0.000        
GPU-I 0   1.000        0.981        0.395        0.001        0.361        0.000        0.846        0.000        
GPU-I 0   1.000        0.979        0.310        0.001        0.356        0.000        0.812        0.000        
GPU-I 0   1.000        0.978        0.317        0.001        0.349        0.000        0.709        0.000        
GPU-I 0   1.000        0.989        0.328        0.002        0.277        0.000        0.845        0.000        
GPU-I 0   1.000        0.981        0.357        0.001        0.341        0.000        0.833        0.000        
GPU-I 0   1.000        0.979        0.313        0.001        0.342        0.000        0.819        0.000        
GPU-I 0   1.000        0.984        0.320        0.001        0.332        0.000        0.700        0.000        
GPU-I 0   1.000        0.990        0.331        0.003        0.337        0.000        0.760        0.000        
GPU-I 0   1.000        0.979        0.392        0.001        0.362        0.000        0.832        0.000        
GPU-I 0   1.000        0.980        0.313        0.001        0.288        0.000        0.835        0.000        
GPU-I 0   1.000        0.980        0.306        0.001        0.359        0.000        0.798        0.000        
GPU-I 0   1.000        0.990        0.326        0.002        0.355        0.000        0.706        0.000        
GPU-I 0   1.000        0.983        0.395        0.001        0.348        0.000        0.833        0.000        
#Entity   GRACT        SMACT        SMOCC        TENSO        DRAMA        FP64A        FP32A        FP16A        
ID                                                                                                                
GPU-I 0   1.000        0.979        0.306        0.001        0.277        0.000        0.847        0.000        
GPU-I 0   1.000        0.979        0.316        0.001        0.342        0.000        0.822        0.000        
GPU-I 0   1.000        0.985        0.322        0.002        0.344        0.000        0.695        0.000        
GPU-I 0   1.000        0.987        0.405        0.002        0.338        0.000        0.847        0.000        
GPU-I 0   0.999        0.978        0.350        0.001        0.318        0.000        0.834        0.000        
GPU-I 0   1.000        0.978        0.315        0.001        0.362        0.000        0.826        0.000        
GPU-I 0   1.000        0.981        0.313        0.001        0.288        0.000        0.799        0.000        
GPU-I 0   1.000        0.990        0.331        0.003        0.358        0.000        0.713        0.000        
GPU-I 0   1.000        0.981        0.397        0.001        0.355        0.000        0.845        0.000        
GPU-I 0   0.999        0.979        0.314        0.001        0.347        0.000        0.828        0.000        
GPU-I 0   1.000        0.978        0.306        0.001        0.277        0.000        0.820        0.000        
GPU-I 0   1.000        0.987        0.322        0.002        0.344        0.000        0.703        0.000        
GPU-I 0   1.000        0.986        0.400        0.002        0.342        0.000        0.828        0.000        
GPU-I 0   1.000        0.978        0.306        0.001        0.337        0.000        0.842        0.000        
#Entity   GRACT        SMACT        SMOCC        TENSO        DRAMA        FP64A        FP32A        FP16A        
ID                                                                                                                
GPU-I 0   1.000        0.979        0.316        0.001        0.314        0.000        0.828        0.000        
GPU-I 0   1.000        0.982        0.317        0.001        0.287        0.000        0.762        0.000        
GPU-I 0   1.000        0.990        0.331        0.003        0.370        0.000        0.720        0.000        
GPU-I 0   1.000        0.979        0.393        0.001        0.360        0.000        0.840        0.000        
GPU-I 0   1.000        0.978        0.315        0.001        0.354        0.000        0.801        0.000        
GPU-I 0   1.000        0.979        0.314        0.001        0.349        0.000        0.710        0.000        
GPU-I 0   1.000        0.989        0.320        0.002        0.277        0.000        0.848        0.000        
GPU-I 0   1.000        0.984        0.406        0.002        0.350        0.000        0.832        0.000        
GPU-I 0   1.000        0.978        0.314        0.001        0.341        0.000        0.819        0.000        
GPU-I 0   1.000        0.979        0.306        0.001        0.338        0.000        0.692        0.000        
GPU-I 0   1.000        0.985        0.319        0.002        0.307        0.000        0.798        0.000        
GPU-I 0   1.000        0.990        0.353        0.003        0.290        0.000        0.833        0.000        
GPU-I 0   1.000        0.979        0.387        0.001        0.364        0.000        0.838        0.000        
GPU-I 0   1.000        0.979        0.310        0.001        0.358        0.000        0.803        0.000        
#Entity   GRACT        SMACT        SMOCC        TENSO        DRAMA        FP64A        FP32A        FP16A        
ID                                                                                                                
GPU-I 0   1.000        0.980        0.315        0.001        0.363        0.000        0.707        0.000        
GPU-I 0   1.000        0.990        0.333        0.003        0.280        0.000        0.846        0.000        
GPU-I 0   1.000        0.980        0.356        0.001        0.349        0.000        0.833        0.000        
GPU-I 0   1.000        0.978        0.313        0.001        0.348        0.000        0.811        0.000        
GPU-I 0   1.000        0.987        0.322        0.002        0.342        0.000        0.703        0.000        
GPU-I 0   0.999        0.986        0.403        0.002        0.335        0.000        0.848        0.000        
GPU-I 0   1.000        0.977        0.332        0.001        0.303        0.000        0.832        0.000        
GPU-I 0   1.000        0.979        0.313        0.001        0.288        0.000        0.828        0.000        
GPU-I 0   1.000        0.982        0.311        0.001        0.358        0.000        0.793        0.000        
GPU-I 0   1.000        0.990        0.331        0.003        0.362        0.000        0.714        0.000        
GPU-I 0   1.000        0.981        0.393        0.001        0.357        0.000        0.833        0.000        
GPU-I 0   1.000        0.979        0.306        0.001        0.278        0.000        0.847        0.000        
GPU-I 0   1.000        0.979        0.315        0.001        0.348        0.000        0.814        0.000        
GPU-I 0   1.000        0.988        0.327        0.002        0.355        0.000        0.700        0.000        
#Entity   GRACT        SMACT        SMOCC        TENSO        DRAMA        FP64A        FP32A        FP16A        
ID                                                                                                                
GPU-I 0   1.000        0.984        0.400        0.002        0.343        0.000        0.847        0.000        
GPU-I 0   1.000        0.978        0.316        0.001        0.342        0.000        0.833        0.000        
GPU-I 0   1.000        0.979        0.314        0.001        0.290        0.000        0.819        0.000        
GPU-I 0   1.000        0.984        0.317        0.001        0.301        0.000        0.741        0.000        
GPU-I 0   1.000        0.989        0.332        0.003        0.345        0.000        0.750        0.000        
GPU-I 0   1.000        0.979        0.392        0.001        0.362        0.000        0.844        0.000        
GPU-I 0   1.000        0.979        0.314        0.001        0.353        0.000        0.831        0.000        
GPU-I 0   1.000        0.980        0.306        0.001        0.277        0.000        0.802        0.000        
GPU-I 0   1.000        0.989        0.327        0.002        0.351        0.000        0.710        0.000        
GPU-I 0   1.000        0.983        0.395        0.001        0.349        0.000        0.829        0.000        
GPU-I 0   1.000        0.979        0.306        0.001        0.344        0.000        0.845        0.000        
GPU-I 0   1.000        0.979        0.316        0.001        0.287        0.000        0.819        0.000        
GPU-I 0   1.000        0.985        0.322        0.002        0.350        0.000        0.680        0.000        
GPU-I 0   1.000        0.987        0.405        0.002        0.336        0.000        0.843        0.000        
#Entity   GRACT        SMACT        SMOCC        TENSO        DRAMA        FP64A        FP32A        FP16A        
ID                                                                                                                
GPU-I 0   1.000        0.978        0.355        0.001        0.324        0.000        0.836        0.000        
GPU-I 0   1.000        0.979        0.315        0.001        0.362        0.000        0.795        0.000        
GPU-I 0   1.000        0.981        0.314        0.001        0.352        0.000        0.721        0.000        
GPU-I 0   1.000        0.990        0.328        0.002        0.276        0.000        0.848        0.000        
GPU-I 0   1.000        0.981        0.398        0.001        0.356        0.000        0.832        0.000        
GPU-I 0   1.000        0.979        0.315        0.001        0.348        0.000        0.810        0.000        
GPU-I 0   1.000        0.979        0.306        0.001        0.344        0.000        0.701        0.000        
GPU-I 0   1.000        0.987        0.324        0.002        0.287        0.000        0.832        0.000        
GPU-I 0   1.000        0.986        0.410        0.002        0.348        0.000        0.833        0.000        
GPU-I 0   1.000        0.979        0.306        0.001        0.337        0.000        0.829        0.000        
GPU-I 0   1.000        0.979        0.310        0.001        0.321        0.000        0.774        0.000        
GPU-I 0   1.000        0.982        0.320        0.001        0.368        0.000        0.714        0.000        
GPU-I 0   1.000        0.990        0.333        0.003        0.278        0.000        0.847        0.000        
GPU-I 0   1.000        0.979        0.356        0.001        0.364        0.000        0.837        0.000        
#Entity   GRACT        SMACT        SMOCC        TENSO        DRAMA        FP64A        FP32A        FP16A        
ID                                                                                                                
GPU-I 0   1.000        0.979        0.314        0.001        0.355        0.000        0.809        0.000        
GPU-I 0   1.000        0.988        0.326        0.002        0.348        0.000        0.711        0.000        
GPU-I 0   1.000        0.985        0.400        0.002        0.344        0.000        0.845        0.000        
GPU-I 0   1.000        0.979        0.314        0.001        0.286        0.000        0.832        0.000        
GPU-I 0   1.000        0.979        0.314        0.001        0.342        0.000        0.818        0.000        
GPU-I 0   1.000        0.984        0.315        0.001        0.337        0.000        0.693        0.000        
GPU-I 0   1.000        0.989        0.350        0.003        0.317        0.000        0.785        0.000        
GPU-I 0   1.000        0.978        0.392        0.001        0.369        0.000        0.832        0.000        
GPU-I 0   1.000        0.979        0.306        0.001        0.277        0.000        0.829        0.000        
GPU-I 0   1.000        0.980        0.314        0.001        0.365        0.000        0.801        0.000        
GPU-I 0   1.000        0.989        0.332        0.003        0.356        0.000        0.707        0.000        
GPU-I 0   1.000        0.982        0.396        0.001        0.349        0.000        0.835        0.000        
GPU-I 0   1.000        0.979        0.316        0.001        0.348        0.000        0.843        0.000        
GPU-I 0   1.000        0.978        0.316        0.001        0.285        0.000        0.822        0.000        
#Entity   GRACT        SMACT        SMOCC        TENSO        DRAMA        FP64A        FP32A        FP16A        
ID                                                                                                                
GPU-I 0   1.000        0.985        0.322        0.002        0.346        0.000        0.685        0.000        
GPU-I 0   1.000        0.987        0.405        0.002        0.338        0.000        0.846        0.000        
GPU-I 0   1.000        0.978        0.351        0.001        0.321        0.000        0.845        0.000        
GPU-I 0   1.000        0.979        0.313        0.001        0.367        0.000        0.823        0.000        
GPU-I 0   1.000        0.982        0.317        0.001        0.281        0.000        0.797        0.000        
GPU-I 0   1.000        0.991        0.331        0.003        0.365        0.000        0.709        0.000        
GPU-I 0   1.000        0.981        0.395        0.001        0.356        0.000        0.829        0.000        
GPU-I 0   0.999        0.979        0.314        0.001        0.348        0.000        0.830        0.000        
GPU-I 0   1.000        0.979        0.309        0.001        0.286        0.000        0.812        0.000        
GPU-I 0   1.000        0.987        0.327        0.002        0.353        0.000        0.691        0.000        
GPU-I 0   1.000        0.986        0.400        0.002        0.342        0.000        0.830        0.000        
GPU-I 0   1.000        0.979        0.307        0.001        0.339        0.000        0.840        0.000        
GPU-I 0   0.999        0.979        0.316        0.001        0.320        0.000        0.773        0.000        
GPU-I 0   1.000        0.982        0.320        0.001        0.367        0.000        0.714        0.000        
#Entity   GRACT        SMACT        SMOCC        TENSO        DRAMA        FP64A        FP32A        FP16A        
ID                                                                                                                
GPU-I 0   1.000        0.990        0.333        0.003        0.279        0.000        0.847        0.000        
GPU-I 0   1.000        0.979        0.397        0.001        0.365        0.000        0.837        0.000        
