1c-7g-80gb
#Entity   GRACT        SMACT        SMOCC        TENSO        DRAMA        FP64A        FP32A        FP16A        
ID                                                                                                                
GPU-I 0   0.000        0.000        0.000        0.000        0.000        0.000        0.000        0.000        
GPU-I 0   0.000        0.000        0.000        0.000        0.000        0.000        0.000        0.000        
GPU-I 0   0.000        0.000        0.000        0.000        0.000        0.000        0.000        0.000        
GPU-I 0   0.000        0.000        0.000        0.000        0.000        0.000        0.000        0.000        
GPU-I 0   0.000        0.000        0.000        0.000        0.000        0.000        0.000        0.000        
GPU-I 0   0.000        0.000        0.000        0.000        0.000        0.000        0.000        0.000        
GPU-I 0   0.000        0.000        0.000        0.000        0.000        0.000        0.000        0.000        
GPU-I 0   0.000        0.000        0.000        0.000        0.000        0.000        0.000        0.000        
GPU-I 0   0.000        0.000        0.000        0.000        0.000        0.000        0.000        0.000        
GPU-I 0   0.000        0.000        0.000        0.000        0.000        0.000        0.000        0.000        
GPU-I 0   0.000        0.000        0.000        0.000        0.000        0.000        0.000        0.000        
GPU-I 0   0.000        0.000        0.000        0.000        0.000        0.000        0.000        0.000        
GPU-I 0   0.000        0.000        0.000        0.000        0.000        0.000        0.000        0.000        
GPU-I 0   0.000        0.000        0.000        0.000        0.000        0.000        0.000        0.000        
GPU-I 0   0.000        0.000        0.000        0.000        0.000        0.000        0.000        0.000        
#Entity   GRACT        SMACT        SMOCC        TENSO        DRAMA        FP64A        FP32A        FP16A        
ID                                                                                                                
GPU-I 0   0.000        0.000        0.000        0.000        0.000        0.000        0.000        0.000        
GPU-I 0   0.000        0.000        0.000        0.000        0.000        0.000        0.000        0.000        
GPU-I 0   0.000        0.000        0.000        0.000        0.000        0.000        0.000        0.000        
GPU-I 0   0.000        0.000        0.000        0.000        0.000        0.000        0.000        0.000        
GPU-I 0   0.000        0.000        0.000        0.000        0.000        0.000        0.000        0.000        
GPU-I 0   0.000        0.000        0.000        0.000        0.000        0.000        0.000        0.000        
GPU-I 0   0.000        0.000        0.000        0.000        0.000        0.000        0.000        0.000        
GPU-I 0   0.000        0.000        0.000        0.000        0.000        0.000        0.000        0.000        
GPU-I 0   0.000        0.000        0.000        0.000        0.000        0.000        0.000        0.000        
GPU-I 0   0.000        0.000        0.000        0.000        0.000        0.000        0.000        0.000        
GPU-I 0   0.000        0.000        0.000        0.000        0.000        0.000        0.000        0.000        
GPU-I 0   0.000        0.000        0.000        0.000        0.000        0.000        0.000        0.000        
GPU-I 0   0.000        0.000        0.000        0.000        0.000        0.000        0.000        0.000        
GPU-I 0   0.000        0.000        0.000        0.000        0.000        0.000        0.000        0.000        
#Entity   GRACT        SMACT        SMOCC        TENSO        DRAMA        FP64A        FP32A        FP16A        
ID                                                                                                                
GPU-I 0   0.000        0.000        0.000        0.000        0.000        0.000        0.000        0.000        
GPU-I 0   0.000        0.000        0.000        0.000        0.000        0.000        0.000        0.000        
GPU-I 0   0.000        0.000        0.000        0.000        0.000        0.000        0.000        0.000        
GPU-I 0   0.000        0.000        0.000        0.000        0.000        0.000        0.000        0.000        
GPU-I 0   0.024        0.000        0.000        0.000        0.001        0.000        0.000        0.000        
GPU-I 0   0.007        0.000        0.000        0.000        0.000        0.000        0.000        0.000        
GPU-I 0   0.007        0.000        0.000        0.000        0.000        0.000        0.000        0.000        
GPU-I 0   0.031        0.000        0.000        0.000        0.015        0.000        0.001        0.000        
GPU-I 0   0.884        0.664        0.291        0.234        0.305        0.000        0.023        0.000        
GPU-I 0   0.916        0.775        0.340        0.269        0.307        0.000        0.023        0.000        
GPU-I 0   0.914        0.769        0.336        0.269        0.303        0.000        0.023        0.000        
GPU-I 0   0.912        0.766        0.334        0.270        0.304        0.000        0.023        0.000        
GPU-I 0   0.911        0.766        0.334        0.269        0.306        0.000        0.023        0.000        
GPU-I 0   0.913        0.768        0.335        0.270        0.307        0.000        0.023        0.000        
#Entity   GRACT        SMACT        SMOCC        TENSO        DRAMA        FP64A        FP32A        FP16A        
ID                                                                                                                
GPU-I 0   0.915        0.770        0.337        0.271        0.308        0.000        0.023        0.000        
GPU-I 0   0.915        0.771        0.336        0.271        0.309        0.000        0.023        0.000        
GPU-I 0   0.916        0.772        0.337        0.272        0.308        0.000        0.023        0.000        
GPU-I 0   0.687        0.745        0.325        0.261        0.309        0.000        0.002        0.000        
GPU-I 0   0.906        0.766        0.335        0.269        0.303        0.000        0.023        0.000        
GPU-I 0   0.910        0.769        0.335        0.272        0.301        0.000        0.023        0.000        
GPU-I 0   0.914        0.772        0.336        0.274        0.303        0.000        0.023        0.000        
GPU-I 0   0.908        0.769        0.335        0.273        0.299        0.000        0.023        0.000        
GPU-I 0   0.907        0.769        0.335        0.273        0.301        0.000        0.024        0.000        
GPU-I 0   0.903        0.760        0.332        0.269        0.304        0.000        0.023        0.000        
GPU-I 0   0.910        0.768        0.335        0.271        0.302        0.000        0.023        0.000        
GPU-I 0   0.911        0.767        0.334        0.272        0.300        0.000        0.023        0.000        
GPU-I 0   0.911        0.768        0.334        0.272        0.300        0.000        0.023        0.000        
GPU-I 0   0.041        0.000        0.000        0.000        0.057        0.000        0.005        0.000        
1c-4g-40gb
#Entity   GRACT        SMACT        SMOCC        TENSO        DRAMA        FP64A        FP32A        FP16A        
ID                                                                                                                
GPU-I 0   0.000        0.000        0.000        0.000        0.000        0.000        0.000        0.000        
GPU-I 0   0.000        0.000        0.000        0.000        0.000        0.000        0.000        0.000        
GPU-I 0   0.000        0.000        0.000        0.000        0.000        0.000        0.000        0.000        
GPU-I 0   0.000        0.000        0.000        0.000        0.000        0.000        0.000        0.000        
GPU-I 0   0.000        0.000        0.000        0.000        0.000        0.000        0.000        0.000        
GPU-I 0   0.000        0.000        0.000        0.000        0.000        0.000        0.000        0.000        
GPU-I 0   0.000        0.000        0.000        0.000        0.000        0.000        0.000        0.000        
GPU-I 0   0.000        0.000        0.000        0.000        0.000        0.000        0.000        0.000        
GPU-I 0   0.000        0.000        0.000        0.000        0.000        0.000        0.000        0.000        
GPU-I 0   0.000        0.000        0.000        0.000        0.000        0.000        0.000        0.000        
GPU-I 0   0.000        0.000        0.000        0.000        0.000        0.000        0.000        0.000        
GPU-I 0   0.000        0.000        0.000        0.000        0.000        0.000        0.000        0.000        
GPU-I 0   0.000        0.000        0.000        0.000        0.000        0.000        0.000        0.000        
GPU-I 0   0.000        0.000        0.000        0.000        0.000        0.000        0.000        0.000        
GPU-I 0   0.000        0.000        0.000        0.000        0.000        0.000        0.000        0.000        
#Entity   GRACT        SMACT        SMOCC        TENSO        DRAMA        FP64A        FP32A        FP16A        
ID                                                                                                                
GPU-I 0   0.000        0.000        0.000        0.000        0.000        0.000        0.000        0.000        
GPU-I 0   0.000        0.000        0.000        0.000        0.000        0.000        0.000        0.000        
GPU-I 0   0.000        0.000        0.000        0.000        0.000        0.000        0.000        0.000        
GPU-I 0   0.000        0.000        0.000        0.000        0.000        0.000        0.000        0.000        
GPU-I 0   0.000        0.000        0.000        0.000        0.000        0.000        0.000        0.000        
GPU-I 0   0.000        0.000        0.000        0.000        0.000        0.000        0.000        0.000        
GPU-I 0   0.000        0.000        0.000        0.000        0.000        0.000        0.000        0.000        
GPU-I 0   0.000        0.000        0.000        0.000        0.000        0.000        0.000        0.000        
GPU-I 0   0.000        0.000        0.000        0.000        0.000        0.000        0.000        0.000        
GPU-I 0   0.000        0.000        0.000        0.000        0.000        0.000        0.000        0.000        
GPU-I 0   0.000        0.000        0.000        0.000        0.000        0.000        0.000        0.000        
GPU-I 0   0.021        0.000        0.000        0.000        0.001        0.000        0.000        0.000        
GPU-I 0   0.008        0.000        0.000        0.000        0.001        0.000        0.000        0.000        
GPU-I 0   0.006        0.000        0.000        0.000        0.000        0.000        0.000        0.000        
#Entity   GRACT        SMACT        SMOCC        TENSO        DRAMA        FP64A        FP32A        FP16A        
ID                                                                                                                
GPU-I 0   0.046        0.000        0.000        0.000        0.034        0.000        0.002        0.000        
GPU-I 0   0.835        0.435        0.206        0.152        0.421        0.000        0.026        0.000        
GPU-I 0   0.949        0.853        0.407        0.293        0.418        0.000        0.026        0.000        
GPU-I 0   0.949        0.855        0.407        0.297        0.416        0.000        0.026        0.000        
GPU-I 0   0.955        0.865        0.406        0.315        0.418        0.000        0.026        0.000        
GPU-I 0   0.952        0.869        0.406        0.313        0.415        0.000        0.026        0.000        
GPU-I 0   0.948        0.855        0.402        0.301        0.423        0.000        0.026        0.000        
GPU-I 0   0.949        0.855        0.404        0.300        0.427        0.000        0.026        0.000        
GPU-I 0   0.948        0.851        0.406        0.293        0.417        0.000        0.026        0.000        
GPU-I 0   0.948        0.854        0.406        0.297        0.416        0.000        0.026        0.000        
GPU-I 0   0.952        0.858        0.404        0.308        0.420        0.000        0.026        0.000        
GPU-I 0   0.949        0.857        0.409        0.297        0.422        0.000        0.026        0.000        
GPU-I 0   0.949        0.857        0.406        0.301        0.423        0.000        0.026        0.000        
GPU-I 0   0.948        0.858        0.406        0.303        0.416        0.000        0.026        0.000        
#Entity   GRACT        SMACT        SMOCC        TENSO        DRAMA        FP64A        FP32A        FP16A        
ID                                                                                                                
GPU-I 0   0.955        0.869        0.409        0.309        0.420        0.000        0.025        0.000        
GPU-I 0   0.692        0.384        0.181        0.135        0.419        0.000        0.026        0.000        
GPU-I 0   0.860        0.855        0.406        0.299        0.417        0.000        0.026        0.000        
GPU-I 0   0.945        0.855        0.404        0.304        0.414        0.000        0.026        0.000        
GPU-I 0   0.954        0.868        0.408        0.309        0.419        0.000        0.024        0.000        
GPU-I 0   0.953        0.855        0.404        0.302        0.419        0.000        0.026        0.000        
GPU-I 0   0.948        0.854        0.406        0.297        0.416        0.000        0.026        0.000        
GPU-I 0   0.945        0.854        0.398        0.308        0.422        0.000        0.026        0.000        
GPU-I 0   0.944        0.852        0.405        0.298        0.425        0.000        0.026        0.000        
GPU-I 0   0.945        0.854        0.406        0.299        0.424        0.000        0.026        0.000        
GPU-I 0   0.945        0.853        0.403        0.300        0.415        0.000        0.026        0.000        
GPU-I 0   0.945        0.855        0.404        0.302        0.414        0.000        0.026        0.000        
GPU-I 0   0.951        0.856        0.401        0.308        0.416        0.000        0.026        0.000        
GPU-I 0   0.946        0.854        0.405        0.297        0.420        0.000        0.026        0.000        
#Entity   GRACT        SMACT        SMOCC        TENSO        DRAMA        FP64A        FP32A        FP16A        
ID                                                                                                                
GPU-I 0   0.945        0.854        0.399        0.306        0.425        0.000        0.027        0.000        
GPU-I 0   0.945        0.854        0.405        0.298        0.424        0.000        0.027        0.000        
GPU-I 0   0.746        0.861        0.407        0.303        0.417        0.000        0.027        0.000        
GPU-I 0   0.000        0.000        0.000        0.000        0.001        0.000        0.000        0.000        
1c-3g-40gb
#Entity   GRACT        SMACT        SMOCC        TENSO        DRAMA        FP64A        FP32A        FP16A        
ID                                                                                                                
GPU-I 0   0.000        0.000        0.000        0.000        0.000        0.000        0.000        0.000        
GPU-I 0   0.000        0.000        0.000        0.000        0.000        0.000        0.000        0.000        
GPU-I 0   0.000        0.000        0.000        0.000        0.000        0.000        0.000        0.000        
GPU-I 0   0.000        0.000        0.000        0.000        0.000        0.000        0.000        0.000        
GPU-I 0   0.000        0.000        0.000        0.000        0.000        0.000        0.000        0.000        
GPU-I 0   0.000        0.000        0.000        0.000        0.000        0.000        0.000        0.000        
GPU-I 0   0.000        0.000        0.000        0.000        0.000        0.000        0.000        0.000        
GPU-I 0   0.000        0.000        0.000        0.000        0.000        0.000        0.000        0.000        
GPU-I 0   0.000        0.000        0.000        0.000        0.000        0.000        0.000        0.000        
GPU-I 0   0.000        0.000        0.000        0.000        0.000        0.000        0.000        0.000        
GPU-I 0   0.000        0.000        0.000        0.000        0.000        0.000        0.000        0.000        
GPU-I 0   0.000        0.000        0.000        0.000        0.000        0.000        0.000        0.000        
GPU-I 0   0.000        0.000        0.000        0.000        0.000        0.000        0.000        0.000        
GPU-I 0   0.000        0.000        0.000        0.000        0.000        0.000        0.000        0.000        
GPU-I 0   0.000        0.000        0.000        0.000        0.000        0.000        0.000        0.000        
#Entity   GRACT        SMACT        SMOCC        TENSO        DRAMA        FP64A        FP32A        FP16A        
ID                                                                                                                
GPU-I 0   0.000        0.000        0.000        0.000        0.000        0.000        0.000        0.000        
GPU-I 0   0.000        0.000        0.000        0.000        0.000        0.000        0.000        0.000        
GPU-I 0   0.000        0.000        0.000        0.000        0.000        0.000        0.000        0.000        
GPU-I 0   0.000        0.000        0.000        0.000        0.000        0.000        0.000        0.000        
GPU-I 0   0.000        0.000        0.000        0.000        0.000        0.000        0.000        0.000        
GPU-I 0   0.000        0.000        0.000        0.000        0.000        0.000        0.000        0.000        
GPU-I 0   0.000        0.000        0.000        0.000        0.000        0.000        0.000        0.000        
GPU-I 0   0.000        0.000        0.000        0.000        0.000        0.000        0.000        0.000        
GPU-I 0   0.000        0.000        0.000        0.000        0.000        0.000        0.000        0.000        
GPU-I 0   0.000        0.000        0.000        0.000        0.000        0.000        0.000        0.000        
GPU-I 0   0.000        0.000        0.000        0.000        0.000        0.000        0.000        0.000        
GPU-I 0   0.017        0.000        0.000        0.000        0.001        0.000        0.000        0.000        
GPU-I 0   0.009        0.000        0.000        0.000        0.001        0.000        0.000        0.000        
GPU-I 0   0.007        0.000        0.000        0.000        0.000        0.000        0.000        0.000        
#Entity   GRACT        SMACT        SMOCC        TENSO        DRAMA        FP64A        FP32A        FP16A        
ID                                                                                                                
GPU-I 0   0.053        0.000        0.000        0.000        0.034        0.000        0.003        0.000        
GPU-I 0   0.853        0.465        0.205        0.178        0.367        0.000        0.031        0.000        
GPU-I 0   0.957        0.888        0.391        0.353        0.360        0.000        0.029        0.000        
GPU-I 0   0.960        0.890        0.388        0.354        0.363        0.000        0.028        0.000        
GPU-I 0   0.962        0.885        0.390        0.343        0.358        0.000        0.028        0.000        
GPU-I 0   0.952        0.872        0.390        0.333        0.363        0.000        0.032        0.000        
GPU-I 0   0.960        0.886        0.397        0.342        0.359        0.000        0.029        0.000        
GPU-I 0   0.958        0.884        0.392        0.341        0.364        0.000        0.028        0.000        
GPU-I 0   0.963        0.890        0.399        0.344        0.360        0.000        0.031        0.000        
GPU-I 0   0.958        0.891        0.391        0.353        0.360        0.000        0.031        0.000        
GPU-I 0   0.960        0.885        0.390        0.342        0.362        0.000        0.028        0.000        
GPU-I 0   0.956        0.875        0.393        0.329        0.362        0.000        0.028        0.000        
GPU-I 0   0.961        0.890        0.395        0.349        0.364        0.000        0.031        0.000        
GPU-I 0   0.958        0.891        0.384        0.362        0.358        0.000        0.029        0.000        
#Entity   GRACT        SMACT        SMOCC        TENSO        DRAMA        FP64A        FP32A        FP16A        
ID                                                                                                                
GPU-I 0   0.954        0.875        0.391        0.331        0.362        0.000        0.028        0.000        
GPU-I 0   0.957        0.876        0.388        0.343        0.358        0.000        0.029        0.000        
GPU-I 0   0.959        0.890        0.394        0.349        0.364        0.000        0.032        0.000        
GPU-I 0   0.963        0.889        0.387        0.353        0.360        0.000        0.029        0.000        
GPU-I 0   0.544        0.207        0.088        0.091        0.357        0.000        0.024        0.000        
GPU-I 0   0.957        0.875        0.393        0.326        0.364        0.000        0.028        0.000        
GPU-I 0   0.963        0.888        0.396        0.345        0.361        0.000        0.029        0.000        
GPU-I 0   0.960        0.892        0.393        0.351        0.365        0.000        0.032        0.000        
GPU-I 0   0.962        0.884        0.388        0.344        0.361        0.000        0.028        0.000        
GPU-I 0   0.960        0.875        0.394        0.330        0.361        0.000        0.029        0.000        
GPU-I 0   0.961        0.889        0.397        0.346        0.362        0.000        0.032        0.000        
GPU-I 0   0.955        0.891        0.386        0.360        0.361        0.000        0.029        0.000        
GPU-I 0   0.961        0.880        0.392        0.334        0.364        0.000        0.028        0.000        
GPU-I 0   0.960        0.877        0.390        0.341        0.358        0.000        0.029        0.000        
#Entity   GRACT        SMACT        SMOCC        TENSO        DRAMA        FP64A        FP32A        FP16A        
ID                                                                                                                
GPU-I 0   0.954        0.891        0.393        0.350        0.361        0.000        0.031        0.000        
GPU-I 0   0.956        0.887        0.385        0.356        0.358        0.000        0.029        0.000        
GPU-I 0   0.959        0.873        0.392        0.325        0.363        0.000        0.028        0.000        
GPU-I 0   0.962        0.886        0.393        0.346        0.358        0.000        0.029        0.000        
GPU-I 0   0.953        0.890        0.394        0.348        0.364        0.000        0.030        0.000        
GPU-I 0   0.959        0.887        0.388        0.351        0.359        0.000        0.028        0.000        
GPU-I 0   0.960        0.874        0.394        0.325        0.364        0.000        0.029        0.000        
GPU-I 0   0.964        0.887        0.398        0.342        0.360        0.000        0.030        0.000        
GPU-I 0   0.046        0.169        0.071        0.067        0.072        0.000        0.000        0.000        
1c-2g-20gb
#Entity   GRACT        SMACT        SMOCC        TENSO        DRAMA        FP64A        FP32A        FP16A        
ID                                                                                                                
GPU-I 0   0.000        0.000        0.000        0.000        0.000        0.000        0.000        0.000        
GPU-I 0   0.000        0.000        0.000        0.000        0.000        0.000        0.000        0.000        
GPU-I 0   0.000        0.000        0.000        0.000        0.000        0.000        0.000        0.000        
GPU-I 0   0.000        0.000        0.000        0.000        0.000        0.000        0.000        0.000        
GPU-I 0   0.000        0.000        0.000        0.000        0.000        0.000        0.000        0.000        
GPU-I 0   0.000        0.000        0.000        0.000        0.000        0.000        0.000        0.000        
GPU-I 0   0.000        0.000        0.000        0.000        0.000        0.000        0.000        0.000        
GPU-I 0   0.000        0.000        0.000        0.000        0.000        0.000        0.000        0.000        
GPU-I 0   0.000        0.000        0.000        0.000        0.000        0.000        0.000        0.000        
GPU-I 0   0.000        0.000        0.000        0.000        0.000        0.000        0.000        0.000        
GPU-I 0   0.000        0.000        0.000        0.000        0.000        0.000        0.000        0.000        
GPU-I 0   0.000        0.000        0.000        0.000        0.000        0.000        0.000        0.000        
GPU-I 0   0.000        0.000        0.000        0.000        0.000        0.000        0.000        0.000        
GPU-I 0   0.000        0.000        0.000        0.000        0.000        0.000        0.000        0.000        
GPU-I 0   0.000        0.000        0.000        0.000        0.000        0.000        0.000        0.000        
#Entity   GRACT        SMACT        SMOCC        TENSO        DRAMA        FP64A        FP32A        FP16A        
ID                                                                                                                
GPU-I 0   0.000        0.000        0.000        0.000        0.000        0.000        0.000        0.000        
GPU-I 0   0.000        0.000        0.000        0.000        0.000        0.000        0.000        0.000        
GPU-I 0   0.000        0.000        0.000        0.000        0.000        0.000        0.000        0.000        
GPU-I 0   0.000        0.000        0.000        0.000        0.000        0.000        0.000        0.000        
GPU-I 0   0.000        0.000        0.000        0.000        0.000        0.000        0.000        0.000        
GPU-I 0   0.000        0.000        0.000        0.000        0.000        0.000        0.000        0.000        
GPU-I 0   0.000        0.000        0.000        0.000        0.000        0.000        0.000        0.000        
GPU-I 0   0.000        0.000        0.000        0.000        0.000        0.000        0.000        0.000        
GPU-I 0   0.000        0.000        0.000        0.000        0.000        0.000        0.000        0.000        
GPU-I 0   0.000        0.000        0.000        0.000        0.000        0.000        0.000        0.000        
GPU-I 0   0.000        0.000        0.000        0.000        0.000        0.000        0.000        0.000        
GPU-I 0   0.013        0.000        0.000        0.000        0.001        0.000        0.000        0.000        
GPU-I 0   0.011        0.000        0.000        0.000        0.001        0.000        0.000        0.000        
GPU-I 0   0.006        0.000        0.000        0.000        0.001        0.000        0.000        0.000        
#Entity   GRACT        SMACT        SMOCC        TENSO        DRAMA        FP64A        FP32A        FP16A        
ID                                                                                                                
GPU-I 0   0.017        0.000        0.000        0.000        0.014        0.000        0.001        0.000        
GPU-I 0   0.812        0.338        0.151        0.143        0.530        0.000        0.028        0.000        
GPU-I 0   0.976        0.932        0.453        0.326        0.534        0.000        0.027        0.000        
GPU-I 0   0.974        0.924        0.451        0.321        0.537        0.000        0.030        0.000        
GPU-I 0   0.974        0.925        0.450        0.323        0.533        0.000        0.027        0.000        
GPU-I 0   0.975        0.926        0.450        0.324        0.533        0.000        0.028        0.000        
GPU-I 0   0.975        0.926        0.450        0.324        0.535        0.000        0.027        0.000        
GPU-I 0   0.975        0.925        0.452        0.319        0.535        0.000        0.027        0.000        
GPU-I 0   0.974        0.928        0.452        0.324        0.533        0.000        0.027        0.000        
GPU-I 0   0.975        0.926        0.452        0.318        0.534        0.000        0.027        0.000        
GPU-I 0   0.974        0.925        0.450        0.325        0.533        0.000        0.028        0.000        
GPU-I 0   0.975        0.926        0.448        0.326        0.532        0.000        0.027        0.000        
GPU-I 0   0.972        0.928        0.452        0.327        0.533        0.000        0.028        0.000        
GPU-I 0   0.975        0.927        0.449        0.328        0.532        0.000        0.027        0.000        
#Entity   GRACT        SMACT        SMOCC        TENSO        DRAMA        FP64A        FP32A        FP16A        
ID                                                                                                                
GPU-I 0   0.975        0.926        0.454        0.319        0.536        0.000        0.030        0.000        
GPU-I 0   0.974        0.927        0.447        0.329        0.532        0.000        0.027        0.000        
GPU-I 0   0.973        0.923        0.457        0.311        0.535        0.000        0.028        0.000        
GPU-I 0   0.974        0.928        0.453        0.322        0.532        0.000        0.027        0.000        
GPU-I 0   0.975        0.926        0.451        0.320        0.534        0.000        0.027        0.000        
GPU-I 0   0.975        0.925        0.450        0.327        0.534        0.000        0.027        0.000        
GPU-I 0   0.975        0.926        0.448        0.327        0.530        0.000        0.027        0.000        
GPU-I 0   0.973        0.928        0.451        0.328        0.533        0.000        0.028        0.000        
GPU-I 0   0.975        0.926        0.446        0.329        0.534        0.000        0.027        0.000        
GPU-I 0   0.975        0.928        0.451        0.326        0.534        0.000        0.028        0.000        
GPU-I 0   0.975        0.927        0.448        0.330        0.534        0.000        0.028        0.000        
GPU-I 0   0.971        0.914        0.448        0.314        0.532        0.000        0.027        0.000        
GPU-I 0   0.975        0.928        0.444        0.334        0.531        0.000        0.028        0.000        
GPU-I 0   0.976        0.926        0.457        0.312        0.536        0.000        0.028        0.000        
#Entity   GRACT        SMACT        SMOCC        TENSO        DRAMA        FP64A        FP32A        FP16A        
ID                                                                                                                
GPU-I 0   0.838        0.930        0.458        0.318        0.531        0.000        0.028        0.000        
GPU-I 0   0.794        0.930        0.448        0.332        0.534        0.000        0.005        0.000        
GPU-I 0   0.976        0.927        0.452        0.325        0.533        0.000        0.028        0.000        
GPU-I 0   0.975        0.927        0.451        0.325        0.533        0.000        0.028        0.000        
GPU-I 0   0.972        0.915        0.450        0.312        0.533        0.000        0.027        0.000        
GPU-I 0   0.975        0.928        0.444        0.334        0.532        0.000        0.028        0.000        
GPU-I 0   0.975        0.926        0.455        0.313        0.535        0.000        0.028        0.000        
GPU-I 0   0.975        0.928        0.460        0.312        0.533        0.000        0.027        0.000        
GPU-I 0   0.975        0.926        0.453        0.314        0.536        0.000        0.027        0.000        
GPU-I 0   0.975        0.926        0.451        0.323        0.531        0.000        0.027        0.000        
GPU-I 0   0.975        0.926        0.450        0.324        0.538        0.000        0.028        0.000        
GPU-I 0   0.975        0.926        0.451        0.323        0.533        0.000        0.027        0.000        
GPU-I 0   0.968        0.925        0.450        0.324        0.535        0.000        0.028        0.000        
GPU-I 0   0.975        0.926        0.450        0.324        0.530        0.000        0.027        0.000        
#Entity   GRACT        SMACT        SMOCC        TENSO        DRAMA        FP64A        FP32A        FP16A        
ID                                                                                                                
GPU-I 0   0.975        0.926        0.451        0.323        0.535        0.000        0.030        0.000        
GPU-I 0   0.975        0.926        0.450        0.324        0.533        0.000        0.027        0.000        
GPU-I 0   0.975        0.926        0.451        0.323        0.533        0.000        0.028        0.000        
GPU-I 0   0.974        0.926        0.451        0.324        0.534        0.000        0.027        0.000        
GPU-I 0   0.975        0.926        0.451        0.323        0.531        0.000        0.027        0.000        
GPU-I 0   0.974        0.926        0.450        0.324        0.538        0.000        0.027        0.000        
GPU-I 0   0.975        0.925        0.451        0.322        0.531        0.000        0.027        0.000        
GPU-I 0   0.972        0.927        0.451        0.325        0.533        0.000        0.028        0.000        
GPU-I 0   0.975        0.927        0.446        0.329        0.532        0.000        0.027        0.000        
GPU-I 0   0.972        0.928        0.452        0.326        0.533        0.000        0.028        0.000        
GPU-I 0   0.975        0.927        0.451        0.326        0.531        0.000        0.027        0.000        
GPU-I 0   0.975        0.927        0.454        0.319        0.536        0.000        0.030        0.000        
GPU-I 0   0.975        0.928        0.446        0.330        0.531        0.000        0.027        0.000        
GPU-I 0   0.975        0.927        0.460        0.311        0.539        0.000        0.028        0.000        
#Entity   GRACT        SMACT        SMOCC        TENSO        DRAMA        FP64A        FP32A        FP16A        
ID                                                                                                                
GPU-I 0   0.876        0.738        0.357        0.255        0.534        0.000        0.027        0.000        
GPU-I 0   0.000        0.000        0.000        0.000        0.002        0.000        0.000        0.000        
1c-1g-10gb
#Entity   GRACT        SMACT        SMOCC        TENSO        DRAMA        FP64A        FP32A        FP16A        
ID                                                                                                                
GPU-I 0   0.000        0.000        0.000        0.000        0.000        0.000        0.000        0.000        
GPU-I 0   0.000        0.000        0.000        0.000        0.000        0.000        0.000        0.000        
GPU-I 0   0.000        0.000        0.000        0.000        0.000        0.000        0.000        0.000        
GPU-I 0   0.000        0.000        0.000        0.000        0.000        0.000        0.000        0.000        
GPU-I 0   0.000        0.000        0.000        0.000        0.000        0.000        0.000        0.000        
GPU-I 0   0.000        0.000        0.000        0.000        0.000        0.000        0.000        0.000        
GPU-I 0   0.000        0.000        0.000        0.000        0.000        0.000        0.000        0.000        
GPU-I 0   0.000        0.000        0.000        0.000        0.000        0.000        0.000        0.000        
GPU-I 0   0.000        0.000        0.000        0.000        0.000        0.000        0.000        0.000        
GPU-I 0   0.000        0.000        0.000        0.000        0.000        0.000        0.000        0.000        
GPU-I 0   0.000        0.000        0.000        0.000        0.000        0.000        0.000        0.000        
GPU-I 0   0.000        0.000        0.000        0.000        0.000        0.000        0.000        0.000        
GPU-I 0   0.000        0.000        0.000        0.000        0.000        0.000        0.000        0.000        
GPU-I 0   0.000        0.000        0.000        0.000        0.000        0.000        0.000        0.000        
GPU-I 0   0.000        0.000        0.000        0.000        0.000        0.000        0.000        0.000        
#Entity   GRACT        SMACT        SMOCC        TENSO        DRAMA        FP64A        FP32A        FP16A        
ID                                                                                                                
GPU-I 0   0.000        0.000        0.000        0.000        0.000        0.000        0.000        0.000        
GPU-I 0   0.000        0.000        0.000        0.000        0.000        0.000        0.000        0.000        
GPU-I 0   0.000        0.000        0.000        0.000        0.000        0.000        0.000        0.000        
GPU-I 0   0.000        0.000        0.000        0.000        0.000        0.000        0.000        0.000        
GPU-I 0   0.000        0.000        0.000        0.000        0.000        0.000        0.000        0.000        
GPU-I 0   0.000        0.000        0.000        0.000        0.000        0.000        0.000        0.000        
GPU-I 0   0.000        0.000        0.000        0.000        0.000        0.000        0.000        0.000        
GPU-I 0   0.000        0.000        0.000        0.000        0.000        0.000        0.000        0.000        
GPU-I 0   0.000        0.000        0.000        0.000        0.000        0.000        0.000        0.000        
GPU-I 0   0.000        0.000        0.000        0.000        0.000        0.000        0.000        0.000        
GPU-I 0   0.000        0.000        0.000        0.000        0.000        0.000        0.000        0.000        
GPU-I 0   0.000        0.000        0.000        0.000        0.000        0.000        0.000        0.000        
GPU-I 0   0.018        0.000        0.000        0.000        0.002        0.000        0.000        0.000        
GPU-I 0   0.006        0.000        0.000        0.000        0.002        0.000        0.000        0.000        
#Entity   GRACT        SMACT        SMOCC        TENSO        DRAMA        FP64A        FP32A        FP16A        
ID                                                                                                                
GPU-I 0   0.007        0.000        0.000        0.000        0.002        0.000        0.000        0.000        
GPU-I 0   0.284        0.000        0.000        0.000        0.331        0.000        0.009        0.000        
GPU-I 0   0.987        0.957        0.460        0.318        0.636        0.000        0.028        0.000        
GPU-I 0   0.985        0.958        0.457        0.323        0.640        0.000        0.028        0.000        
GPU-I 0   0.987        0.965        0.462        0.323        0.638        0.000        0.028        0.000        
GPU-I 0   0.987        0.964        0.456        0.329        0.637        0.000        0.027        0.000        
GPU-I 0   0.987        0.964        0.461        0.324        0.636        0.000        0.028        0.000        
GPU-I 0   0.987        0.964        0.460        0.324        0.639        0.000        0.028        0.000        
GPU-I 0   0.987        0.965        0.460        0.325        0.638        0.000        0.028        0.000        
GPU-I 0   0.987        0.965        0.456        0.328        0.639        0.000        0.027        0.000        
GPU-I 0   0.986        0.962        0.464        0.313        0.636        0.000        0.028        0.000        
GPU-I 0   0.987        0.964        0.457        0.327        0.638        0.000        0.028        0.000        
GPU-I 0   0.987        0.964        0.455        0.329        0.636        0.000        0.028        0.000        
GPU-I 0   0.985        0.962        0.453        0.332        0.634        0.000        0.027        0.000        
#Entity   GRACT        SMACT        SMOCC        TENSO        DRAMA        FP64A        FP32A        FP16A        
ID                                                                                                                
GPU-I 0   0.986        0.962        0.464        0.317        0.637        0.000        0.028        0.000        
GPU-I 0   0.981        0.959        0.459        0.322        0.633        0.000        0.028        0.000        
GPU-I 0   0.986        0.964        0.468        0.314        0.634        0.000        0.027        0.000        
GPU-I 0   0.987        0.964        0.458        0.330        0.635        0.000        0.027        0.000        
GPU-I 0   0.986        0.962        0.458        0.324        0.635        0.000        0.027        0.000        
GPU-I 0   0.987        0.963        0.464        0.320        0.644        0.000        0.029        0.000        
GPU-I 0   0.987        0.963        0.463        0.324        0.637        0.000        0.027        0.000        
GPU-I 0   0.986        0.965        0.456        0.328        0.634        0.000        0.027        0.000        
GPU-I 0   0.987        0.964        0.458        0.326        0.638        0.000        0.028        0.000        
GPU-I 0   0.987        0.963        0.463        0.320        0.641        0.000        0.028        0.000        
GPU-I 0   0.987        0.963        0.463        0.324        0.633        0.000        0.028        0.000        
GPU-I 0   0.987        0.964        0.459        0.327        0.635        0.000        0.028        0.000        
GPU-I 0   0.986        0.963        0.459        0.324        0.637        0.000        0.028        0.000        
GPU-I 0   0.986        0.957        0.463        0.313        0.637        0.000        0.028        0.000        
#Entity   GRACT        SMACT        SMOCC        TENSO        DRAMA        FP64A        FP32A        FP16A        
ID                                                                                                                
GPU-I 0   0.987        0.964        0.450        0.343        0.633        0.000        0.028        0.000        
GPU-I 0   0.987        0.965        0.451        0.334        0.637        0.000        0.028        0.000        
GPU-I 0   0.986        0.964        0.460        0.324        0.636        0.000        0.028        0.000        
GPU-I 0   0.984        0.951        0.466        0.310        0.636        0.000        0.028        0.000        
GPU-I 0   0.987        0.964        0.461        0.327        0.638        0.000        0.028        0.000        
GPU-I 0   0.987        0.964        0.451        0.334        0.636        0.000        0.028        0.000        
GPU-I 0   0.987        0.964        0.455        0.332        0.636        0.000        0.028        0.000        
GPU-I 0   0.987        0.964        0.474        0.311        0.638        0.000        0.028        0.000        
GPU-I 0   0.987        0.964        0.459        0.328        0.640        0.000        0.027        0.000        
GPU-I 0   0.987        0.966        0.451        0.335        0.639        0.000        0.028        0.000        
GPU-I 0   0.987        0.963        0.459        0.325        0.636        0.000        0.032        0.000        
GPU-I 0   0.987        0.964        0.460        0.324        0.637        0.000        0.027        0.000        
GPU-I 0   0.987        0.963        0.462        0.322        0.634        0.000        0.027        0.000        
GPU-I 0   0.987        0.963        0.458        0.326        0.635        0.000        0.027        0.000        
#Entity   GRACT        SMACT        SMOCC        TENSO        DRAMA        FP64A        FP32A        FP16A        
ID                                                                                                                
GPU-I 0   0.987        0.964        0.458        0.328        0.637        0.000        0.029        0.000        
GPU-I 0   0.985        0.963        0.460        0.324        0.636        0.000        0.027        0.000        
GPU-I 0   0.987        0.964        0.460        0.325        0.634        0.000        0.027        0.000        
GPU-I 0   0.987        0.964        0.458        0.326        0.636        0.000        0.027        0.000        
GPU-I 0   0.987        0.963        0.457        0.326        0.635        0.000        0.028        0.000        
GPU-I 0   0.984        0.964        0.460        0.324        0.636        0.000        0.028        0.000        
GPU-I 0   0.986        0.964        0.458        0.325        0.636        0.000        0.028        0.000        
GPU-I 0   0.987        0.964        0.459        0.326        0.636        0.000        0.027        0.000        
GPU-I 0   0.987        0.963        0.461        0.319        0.635        0.000        0.028        0.000        
GPU-I 0   0.984        0.965        0.457        0.331        0.638        0.000        0.028        0.000        
GPU-I 0   0.987        0.965        0.451        0.334        0.634        0.000        0.027        0.000        
GPU-I 0   0.987        0.965        0.457        0.329        0.637        0.000        0.027        0.000        
GPU-I 0   0.987        0.964        0.466        0.313        0.636        0.000        0.028        0.000        
GPU-I 0   0.988        0.966        0.459        0.327        0.638        0.000        0.028        0.000        
#Entity   GRACT        SMACT        SMOCC        TENSO        DRAMA        FP64A        FP32A        FP16A        
ID                                                                                                                
GPU-I 0   0.786        0.570        0.257        0.201        0.635        0.000        0.028        0.000        
GPU-I 0   0.843        0.964        0.457        0.330        0.635        0.000        0.027        0.000        
GPU-I 0   0.988        0.967        0.460        0.326        0.637        0.000        0.027        0.000        
GPU-I 0   0.985        0.963        0.462        0.323        0.637        0.000        0.028        0.000        
GPU-I 0   0.987        0.963        0.467        0.317        0.639        0.000        0.027        0.000        
GPU-I 0   0.987        0.965        0.459        0.329        0.636        0.000        0.027        0.000        
GPU-I 0   0.987        0.964        0.460        0.324        0.635        0.000        0.028        0.000        
GPU-I 0   0.987        0.964        0.466        0.317        0.639        0.000        0.030        0.000        
GPU-I 0   0.987        0.963        0.455        0.336        0.639        0.000        0.027        0.000        
GPU-I 0   0.987        0.965        0.457        0.331        0.640        0.000        0.027        0.000        
GPU-I 0   0.986        0.964        0.457        0.326        0.635        0.000        0.028        0.000        
GPU-I 0   0.987        0.964        0.465        0.320        0.638        0.000        0.028        0.000        
GPU-I 0   0.987        0.963        0.462        0.324        0.634        0.000        0.028        0.000        
GPU-I 0   0.987        0.965        0.459        0.327        0.635        0.000        0.028        0.000        
#Entity   GRACT        SMACT        SMOCC        TENSO        DRAMA        FP64A        FP32A        FP16A        
ID                                                                                                                
GPU-I 0   0.987        0.964        0.460        0.324        0.638        0.000        0.028        0.000        
GPU-I 0   0.987        0.962        0.467        0.314        0.637        0.000        0.028        0.000        
GPU-I 0   0.986        0.963        0.452        0.340        0.636        0.000        0.028        0.000        
GPU-I 0   0.987        0.965        0.451        0.334        0.637        0.000        0.028        0.000        
GPU-I 0   0.987        0.963        0.460        0.324        0.636        0.000        0.028        0.000        
GPU-I 0   0.984        0.952        0.463        0.311        0.636        0.000        0.029        0.000        
GPU-I 0   0.987        0.964        0.457        0.333        0.635        0.000        0.028        0.000        
GPU-I 0   0.987        0.964        0.451        0.334        0.634        0.000        0.028        0.000        
GPU-I 0   0.986        0.964        0.457        0.330        0.636        0.000        0.030        0.000        
GPU-I 0   0.983        0.949        0.457        0.312        0.637        0.000        0.027        0.000        
GPU-I 0   0.987        0.963        0.460        0.326        0.634        0.000        0.027        0.000        
GPU-I 0   0.987        0.964        0.457        0.327        0.636        0.000        0.028        0.000        
GPU-I 0   0.987        0.964        0.459        0.326        0.635        0.000        0.032        0.000        
GPU-I 0   0.986        0.962        0.458        0.325        0.637        0.000        0.027        0.000        
#Entity   GRACT        SMACT        SMOCC        TENSO        DRAMA        FP64A        FP32A        FP16A        
ID                                                                                                                
GPU-I 0   0.986        0.963        0.458        0.326        0.633        0.000        0.027        0.000        
GPU-I 0   0.986        0.962        0.458        0.326        0.635        0.000        0.027        0.000        
GPU-I 0   0.987        0.964        0.458        0.328        0.638        0.000        0.031        0.000        
GPU-I 0   0.983        0.956        0.456        0.322        0.637        0.000        0.027        0.000        
GPU-I 0   0.987        0.964        0.460        0.325        0.633        0.000        0.027        0.000        
GPU-I 0   0.987        0.962        0.458        0.325        0.637        0.000        0.027        0.000        
GPU-I 0   0.985        0.963        0.458        0.326        0.635        0.000        0.028        0.000        
GPU-I 0   0.985        0.963        0.459        0.324        0.636        0.000        0.028        0.000        
GPU-I 0   0.987        0.964        0.455        0.330        0.638        0.000        0.028        0.000        
GPU-I 0   0.987        0.964        0.451        0.336        0.637        0.000        0.027        0.000        
GPU-I 0   0.987        0.964        0.470        0.312        0.636        0.000        0.028        0.000        
GPU-I 0   0.987        0.965        0.459        0.327        0.639        0.000        0.028        0.000        
GPU-I 0   0.987        0.965        0.451        0.334        0.633        0.000        0.028        0.000        
GPU-I 0   0.987        0.965        0.456        0.330        0.636        0.000        0.027        0.000        
#Entity   GRACT        SMACT        SMOCC        TENSO        DRAMA        FP64A        FP32A        FP16A        
ID                                                                                                                
GPU-I 0   0.987        0.964        0.464        0.314        0.637        0.000        0.028        0.000        
GPU-I 0   0.987        0.965        0.457        0.327        0.639        0.000        0.029        0.000        
GPU-I 0   0.987        0.965        0.462        0.322        0.634        0.000        0.028        0.000        
GPU-I 0   0.987        0.965        0.458        0.330        0.635        0.000        0.027        0.000        
GPU-I 0   0.987        0.964        0.463        0.320        0.637        0.000        0.028        0.000        
GPU-I 0   0.984        0.965        0.462        0.324        0.638        0.000        0.028        0.000        
GPU-I 0   0.987        0.965        0.469        0.315        0.635        0.000        0.027        0.000        
GPU-I 0   0.987        0.964        0.457        0.330        0.636        0.000        0.027        0.000        
GPU-I 0   0.987        0.964        0.458        0.325        0.636        0.000        0.027        0.000        
GPU-I 0   0.986        0.964        0.460        0.327        0.638        0.000        0.029        0.000        
GPU-I 0   0.988        0.967        0.467        0.318        0.634        0.000        0.028        0.000        
GPU-I 0   0.987        0.965        0.458        0.329        0.634        0.000        0.028        0.000        
GPU-I 0   0.988        0.965        0.463        0.321        0.638        0.000        0.028        0.000        
GPU-I 0   0.988        0.966        0.463        0.324        0.638        0.000        0.028        0.000        
#Entity   GRACT        SMACT        SMOCC        TENSO        DRAMA        FP64A        FP32A        FP16A        
ID                                                                                                                
GPU-I 0   0.180        0.000        0.000        0.000        0.445        0.000        0.021        0.000        
