1c-7g-80gb
#Entity   GRACT        SMACT        SMOCC        TENSO        DRAMA        FP64A        FP32A        FP16A        
ID                                                                                                                
GPU-I 0   0.000        0.000        0.000        0.000        0.000        0.000        0.000        0.000        
GPU-I 0   0.000        0.000        0.000        0.000        0.000        0.000        0.000        0.000        
GPU-I 0   0.000        0.000        0.000        0.000        0.000        0.000        0.000        0.000        
GPU-I 0   0.000        0.000        0.000        0.000        0.000        0.000        0.000        0.000        
GPU-I 0   0.000        0.000        0.000        0.000        0.000        0.000        0.000        0.000        
GPU-I 0   0.000        0.000        0.000        0.000        0.000        0.000        0.000        0.000        
GPU-I 0   0.000        0.000        0.000        0.000        0.000        0.000        0.000        0.000        
GPU-I 0   0.000        0.000        0.000        0.000        0.000        0.000        0.000        0.000        
GPU-I 0   0.000        0.000        0.000        0.000        0.000        0.000        0.000        0.000        
GPU-I 0   0.019        0.000        0.000        0.000        0.001        0.000        0.000        0.000        
GPU-I 0   0.006        0.000        0.000        0.000        0.000        0.000        0.000        0.000        
GPU-I 0   0.007        0.000        0.000        0.000        0.000        0.000        0.000        0.000        
GPU-I 0   0.196        0.036        0.013        0.008        0.130        0.000        0.000        0.000        
GPU-I 0   0.300        0.239        0.089        0.052        0.109        0.000        0.029        0.000        
GPU-I 0   0.298        0.228        0.085        0.050        0.111        0.000        0.028        0.000        
#Entity   GRACT        SMACT        SMOCC        TENSO        DRAMA        FP64A        FP32A        FP16A        
ID                                                                                                                
GPU-I 0   0.298        0.231        0.086        0.051        0.111        0.000        0.028        0.000        
GPU-I 0   0.298        0.231        0.086        0.051        0.111        0.000        0.028        0.000        
GPU-I 0   0.298        0.232        0.086        0.051        0.111        0.000        0.028        0.000        
GPU-I 0   0.296        0.230        0.085        0.050        0.110        0.000        0.028        0.000        
GPU-I 0   0.298        0.245        0.091        0.053        0.110        0.000        0.028        0.000        
GPU-I 0   0.293        0.248        0.092        0.054        0.111        0.000        0.028        0.000        
GPU-I 0   0.281        0.245        0.091        0.053        0.110        0.000        0.028        0.000        
GPU-I 0   0.288        0.244        0.091        0.053        0.110        0.000        0.030        0.000        
GPU-I 0   0.287        0.233        0.086        0.051        0.106        0.000        0.029        0.000        
GPU-I 0   0.290        0.233        0.086        0.051        0.105        0.000        0.028        0.000        
GPU-I 0   0.300        0.212        0.079        0.046        0.113        0.000        0.030        0.000        
GPU-I 0   0.283        0.216        0.080        0.047        0.111        0.000        0.028        0.000        
GPU-I 0   0.299        0.249        0.092        0.055        0.112        0.000        0.030        0.000        
GPU-I 0   0.298        0.239        0.089        0.052        0.111        0.000        0.031        0.000        
#Entity   GRACT        SMACT        SMOCC        TENSO        DRAMA        FP64A        FP32A        FP16A        
ID                                                                                                                
GPU-I 0   0.296        0.236        0.087        0.051        0.108        0.000        0.030        0.000        
GPU-I 0   0.297        0.222        0.082        0.048        0.111        0.000        0.030        0.000        
GPU-I 0   0.280        0.220        0.082        0.048        0.110        0.000        0.027        0.000        
GPU-I 0   0.291        0.243        0.090        0.053        0.109        0.000        0.028        0.000        
GPU-I 0   0.298        0.233        0.086        0.050        0.110        0.000        0.031        0.000        
GPU-I 0   0.298        0.237        0.088        0.052        0.111        0.000        0.031        0.000        
GPU-I 0   0.301        0.229        0.085        0.050        0.111        0.000        0.031        0.000        
GPU-I 0   0.297        0.235        0.087        0.051        0.111        0.000        0.031        0.000        
GPU-I 0   0.292        0.229        0.085        0.050        0.108        0.000        0.030        0.000        
GPU-I 0   0.298        0.222        0.082        0.048        0.111        0.000        0.031        0.000        
GPU-I 0   0.298        0.221        0.082        0.048        0.109        0.000        0.030        0.000        
GPU-I 0   0.294        0.220        0.082        0.048        0.111        0.000        0.029        0.000        
GPU-I 0   0.282        0.220        0.082        0.048        0.112        0.000        0.027        0.000        
GPU-I 0   0.287        0.243        0.090        0.053        0.109        0.000        0.027        0.000        
#Entity   GRACT        SMACT        SMOCC        TENSO        DRAMA        FP64A        FP32A        FP16A        
ID                                                                                                                
GPU-I 0   0.297        0.242        0.090        0.052        0.109        0.000        0.028        0.000        
GPU-I 0   0.290        0.233        0.086        0.051        0.110        0.000        0.030        0.000        
GPU-I 0   0.289        0.225        0.083        0.049        0.111        0.000        0.031        0.000        
GPU-I 0   0.281        0.212        0.079        0.046        0.110        0.000        0.030        0.000        
GPU-I 0   0.284        0.212        0.079        0.046        0.110        0.000        0.031        0.000        
GPU-I 0   0.294        0.227        0.084        0.049        0.110        0.000        0.030        0.000        
GPU-I 0   0.292        0.239        0.089        0.053        0.108        0.000        0.028        0.000        
GPU-I 0   0.297        0.247        0.091        0.054        0.111        0.000        0.027        0.000        
GPU-I 0   0.294        0.243        0.090        0.053        0.109        0.000        0.027        0.000        
GPU-I 0   0.292        0.244        0.090        0.053        0.110        0.000        0.028        0.000        
GPU-I 0   0.299        0.253        0.094        0.055        0.114        0.000        0.028        0.000        
GPU-I 0   0.291        0.228        0.085        0.049        0.110        0.000        0.030        0.000        
GPU-I 0   0.280        0.212        0.079        0.046        0.109        0.000        0.031        0.000        
GPU-I 0   0.295        0.224        0.083        0.049        0.110        0.000        0.030        0.000        
#Entity   GRACT        SMACT        SMOCC        TENSO        DRAMA        FP64A        FP32A        FP16A        
ID                                                                                                                
GPU-I 0   0.299        0.237        0.088        0.052        0.109        0.000        0.027        0.000        
GPU-I 0   0.283        0.238        0.088        0.051        0.107        0.000        0.027        0.000        
GPU-I 0   0.279        0.241        0.090        0.052        0.109        0.000        0.028        0.000        
GPU-I 0   0.284        0.240        0.089        0.053        0.108        0.000        0.030        0.000        
GPU-I 0   0.287        0.246        0.091        0.054        0.111        0.000        0.030        0.000        
GPU-I 0   0.286        0.248        0.092        0.054        0.111        0.000        0.029        0.000        
GPU-I 0   0.302        0.225        0.083        0.049        0.111        0.000        0.030        0.000        
GPU-I 0   0.304        0.216        0.080        0.047        0.114        0.000        0.030        0.000        
GPU-I 0   0.290        0.248        0.092        0.054        0.112        0.000        0.028        0.000        
GPU-I 0   0.286        0.247        0.092        0.054        0.111        0.000        0.030        0.000        
GPU-I 0   0.296        0.228        0.085        0.049        0.108        0.000        0.030        0.000        
GPU-I 0   0.291        0.212        0.079        0.046        0.107        0.000        0.030        0.000        
GPU-I 0   0.292        0.212        0.079        0.046        0.107        0.000        0.029        0.000        
GPU-I 0   0.284        0.212        0.079        0.046        0.104        0.000        0.029        0.000        
#Entity   GRACT        SMACT        SMOCC        TENSO        DRAMA        FP64A        FP32A        FP16A        
ID                                                                                                                
GPU-I 0   0.296        0.215        0.080        0.047        0.107        0.000        0.030        0.000        
GPU-I 0   0.292        0.212        0.079        0.046        0.111        0.000        0.029        0.000        
GPU-I 0   0.281        0.220        0.082        0.048        0.111        0.000        0.027        0.000        
GPU-I 0   0.281        0.236        0.088        0.051        0.106        0.000        0.027        0.000        
GPU-I 0   0.285        0.236        0.088        0.051        0.110        0.000        0.027        0.000        
GPU-I 0   0.287        0.240        0.089        0.052        0.108        0.000        0.028        0.000        
GPU-I 0   0.293        0.233        0.086        0.050        0.106        0.000        0.030        0.000        
GPU-I 0   0.296        0.237        0.088        0.052        0.110        0.000        0.030        0.000        
GPU-I 0   0.296        0.243        0.090        0.053        0.110        0.000        0.031        0.000        
GPU-I 0   0.291        0.234        0.087        0.051        0.107        0.000        0.030        0.000        
GPU-I 0   0.293        0.232        0.086        0.050        0.110        0.000        0.031        0.000        
GPU-I 0   0.290        0.222        0.082        0.048        0.108        0.000        0.030        0.000        
GPU-I 0   0.291        0.222        0.083        0.048        0.108        0.000        0.030        0.000        
GPU-I 0   0.298        0.222        0.082        0.048        0.110        0.000        0.030        0.000        
#Entity   GRACT        SMACT        SMOCC        TENSO        DRAMA        FP64A        FP32A        FP16A        
ID                                                                                                                
GPU-I 0   0.282        0.218        0.081        0.047        0.110        0.000        0.029        0.000        
GPU-I 0   0.291        0.236        0.088        0.052        0.108        0.000        0.027        0.000        
GPU-I 0   0.298        0.247        0.092        0.054        0.111        0.000        0.027        0.000        
GPU-I 0   0.297        0.247        0.092        0.054        0.111        0.000        0.027        0.000        
GPU-I 0   0.010        0.000        0.000        0.000        0.012        0.000        0.000        0.000        
1c-4g-40gb
#Entity   GRACT        SMACT        SMOCC        TENSO        DRAMA        FP64A        FP32A        FP16A        
ID                                                                                                                
GPU-I 0   0.000        0.000        0.000        0.000        0.000        0.000        0.000        0.000        
GPU-I 0   0.000        0.000        0.000        0.000        0.000        0.000        0.000        0.000        
GPU-I 0   0.000        0.000        0.000        0.000        0.000        0.000        0.000        0.000        
GPU-I 0   0.000        0.000        0.000        0.000        0.000        0.000        0.000        0.000        
GPU-I 0   0.000        0.000        0.000        0.000        0.000        0.000        0.000        0.000        
GPU-I 0   0.000        0.000        0.000        0.000        0.000        0.000        0.000        0.000        
GPU-I 0   0.000        0.000        0.000        0.000        0.000        0.000        0.000        0.000        
GPU-I 0   0.000        0.000        0.000        0.000        0.000        0.000        0.000        0.000        
GPU-I 0   0.000        0.000        0.000        0.000        0.000        0.000        0.000        0.000        
GPU-I 0   0.020        0.000        0.000        0.000        0.001        0.000        0.000        0.000        
GPU-I 0   0.006        0.000        0.000        0.000        0.001        0.000        0.000        0.000        
GPU-I 0   0.010        0.000        0.000        0.000        0.000        0.000        0.000        0.000        
GPU-I 0   0.342        0.436        0.188        0.093        0.242        0.000        0.002        0.000        
GPU-I 0   0.454        0.418        0.180        0.089        0.237        0.000        0.052        0.000        
GPU-I 0   0.458        0.385        0.166        0.082        0.238        0.000        0.053        0.000        
#Entity   GRACT        SMACT        SMOCC        TENSO        DRAMA        FP64A        FP32A        FP16A        
ID                                                                                                                
GPU-I 0   0.458        0.383        0.164        0.082        0.232        0.000        0.051        0.000        
GPU-I 0   0.450        0.408        0.176        0.086        0.228        0.000        0.049        0.000        
GPU-I 0   0.448        0.434        0.187        0.093        0.241        0.000        0.049        0.000        
GPU-I 0   0.449        0.414        0.178        0.089        0.231        0.000        0.052        0.000        
GPU-I 0   0.466        0.427        0.184        0.091        0.238        0.000        0.049        0.000        
GPU-I 0   0.458        0.415        0.179        0.087        0.232        0.000        0.049        0.000        
GPU-I 0   0.476        0.425        0.183        0.091        0.242        0.000        0.049        0.000        
GPU-I 0   0.460        0.424        0.182        0.089        0.236        0.000        0.049        0.000        
GPU-I 0   0.448        0.424        0.182        0.090        0.236        0.000        0.051        0.000        
GPU-I 0   0.450        0.417        0.179        0.089        0.234        0.000        0.053        0.000        
GPU-I 0   0.449        0.420        0.181        0.089        0.235        0.000        0.051        0.000        
GPU-I 0   0.464        0.413        0.178        0.089        0.237        0.000        0.051        0.000        
GPU-I 0   0.459        0.409        0.176        0.087        0.233        0.000        0.051        0.000        
GPU-I 0   0.464        0.420        0.181        0.088        0.236        0.000        0.053        0.000        
#Entity   GRACT        SMACT        SMOCC        TENSO        DRAMA        FP64A        FP32A        FP16A        
ID                                                                                                                
GPU-I 0   0.461        0.413        0.178        0.088        0.234        0.000        0.051        0.000        
GPU-I 0   0.458        0.408        0.176        0.088        0.230        0.000        0.051        0.000        
GPU-I 0   0.445        0.402        0.173        0.085        0.225        0.000        0.049        0.000        
GPU-I 0   0.454        0.421        0.181        0.089        0.234        0.000        0.049        0.000        
GPU-I 0   0.443        0.403        0.173        0.086        0.227        0.000        0.047        0.000        
GPU-I 0   0.453        0.426        0.184        0.092        0.236        0.000        0.047        0.000        
GPU-I 0   0.451        0.414        0.178        0.088        0.238        0.000        0.047        0.000        
GPU-I 0   0.463        0.437        0.188        0.093        0.243        0.000        0.049        0.000        
GPU-I 0   0.449        0.415        0.178        0.087        0.232        0.000        0.048        0.000        
GPU-I 0   0.447        0.398        0.171        0.084        0.238        0.000        0.047        0.000        
GPU-I 0   0.447        0.402        0.173        0.087        0.234        0.000        0.047        0.000        
GPU-I 0   0.457        0.401        0.172        0.085        0.233        0.000        0.049        0.000        
GPU-I 0   0.467        0.430        0.186        0.091        0.240        0.000        0.047        0.000        
GPU-I 0   0.462        0.426        0.184        0.090        0.238        0.000        0.047        0.000        
#Entity   GRACT        SMACT        SMOCC        TENSO        DRAMA        FP64A        FP32A        FP16A        
ID                                                                                                                
GPU-I 0   0.467        0.425        0.183        0.090        0.237        0.000        0.047        0.000        
GPU-I 0   0.466        0.425        0.183        0.090        0.236        0.000        0.049        0.000        
GPU-I 0   0.464        0.425        0.183        0.090        0.237        0.000        0.049        0.000        
GPU-I 0   0.477        0.431        0.186        0.092        0.240        0.000        0.053        0.000        
GPU-I 0   0.476        0.442        0.190        0.094        0.246        0.000        0.051        0.000        
GPU-I 0   0.453        0.390        0.168        0.083        0.240        0.000        0.053        0.000        
GPU-I 0   0.449        0.379        0.163        0.081        0.233        0.000        0.052        0.000        
GPU-I 0   0.455        0.379        0.163        0.080        0.245        0.000        0.055        0.000        
GPU-I 0   0.470        0.403        0.174        0.086        0.240        0.000        0.053        0.000        
GPU-I 0   0.475        0.439        0.190        0.093        0.245        0.000        0.047        0.000        
GPU-I 0   0.463        0.424        0.182        0.090        0.236        0.000        0.047        0.000        
GPU-I 0   0.455        0.425        0.183        0.091        0.236        0.000        0.049        0.000        
GPU-I 0   0.465        0.427        0.184        0.091        0.240        0.000        0.053        0.000        
GPU-I 0   0.476        0.401        0.173        0.085        0.242        0.000        0.053        0.000        
#Entity   GRACT        SMACT        SMOCC        TENSO        DRAMA        FP64A        FP32A        FP16A        
ID                                                                                                                
GPU-I 0   0.470        0.379        0.163        0.080        0.239        0.000        0.053        0.000        
GPU-I 0   0.479        0.411        0.177        0.088        0.243        0.000        0.051        0.000        
GPU-I 0   0.479        0.420        0.181        0.089        0.245        0.000        0.049        0.000        
GPU-I 0   0.461        0.430        0.185        0.091        0.240        0.000        0.049        0.000        
GPU-I 0   0.452        0.427        0.184        0.091        0.238        0.000        0.052        0.000        
GPU-I 0   0.469        0.435        0.188        0.093        0.242        0.000        0.053        0.000        
GPU-I 0   0.478        0.387        0.167        0.083        0.245        0.000        0.052        0.000        
GPU-I 0   0.471        0.381        0.164        0.080        0.241        0.000        0.055        0.000        
GPU-I 0   0.477        0.413        0.178        0.088        0.245        0.000        0.049        0.000        
GPU-I 0   0.476        0.441        0.190        0.094        0.245        0.000        0.049        0.000        
GPU-I 0   0.456        0.410        0.176        0.087        0.228        0.000        0.051        0.000        
GPU-I 0   0.464        0.426        0.184        0.091        0.237        0.000        0.052        0.000        
GPU-I 0   0.468        0.407        0.175        0.086        0.234        0.000        0.053        0.000        
GPU-I 0   0.471        0.396        0.171        0.084        0.238        0.000        0.053        0.000        
#Entity   GRACT        SMACT        SMOCC        TENSO        DRAMA        FP64A        FP32A        FP16A        
ID                                                                                                                
GPU-I 0   0.448        0.396        0.171        0.084        0.234        0.000        0.049        0.000        
GPU-I 0   0.440        0.393        0.169        0.084        0.225        0.000        0.047        0.000        
GPU-I 0   0.462        0.395        0.170        0.084        0.232        0.000        0.051        0.000        
GPU-I 0   0.451        0.394        0.169        0.084        0.237        0.000        0.048        0.000        
GPU-I 0   0.463        0.427        0.184        0.091        0.245        0.000        0.049        0.000        
GPU-I 0   0.473        0.423        0.182        0.090        0.235        0.000        0.052        0.000        
GPU-I 0   0.470        0.420        0.181        0.089        0.240        0.000        0.053        0.000        
GPU-I 0   0.481        0.433        0.186        0.091        0.242        0.000        0.053        0.000        
GPU-I 0   0.462        0.396        0.171        0.084        0.230        0.000        0.051        0.000        
GPU-I 0   0.479        0.397        0.171        0.084        0.241        0.000        0.053        0.000        
GPU-I 0   0.460        0.394        0.170        0.084        0.234        0.000        0.051        0.000        
GPU-I 0   0.465        0.418        0.180        0.089        0.242        0.000        0.047        0.000        
GPU-I 0   0.473        0.427        0.184        0.091        0.238        0.000        0.051        0.000        
GPU-I 0   0.479        0.435        0.187        0.093        0.242        0.000        0.053        0.000        
#Entity   GRACT        SMACT        SMOCC        TENSO        DRAMA        FP64A        FP32A        FP16A        
ID                                                                                                                
GPU-I 0   0.449        0.384        0.165        0.082        0.238        0.000        0.053        0.000        
GPU-I 0   0.458        0.384        0.165        0.081        0.238        0.000        0.053        0.000        
GPU-I 0   0.473        0.413        0.178        0.088        0.238        0.000        0.053        0.000        
GPU-I 0   0.472        0.434        0.187        0.092        0.242        0.000        0.049        0.000        
GPU-I 0   0.123        0.000        0.000        0.000        0.217        0.000        0.005        0.000        
1c-3g-40gb
#Entity   GRACT        SMACT        SMOCC        TENSO        DRAMA        FP64A        FP32A        FP16A        
ID                                                                                                                
GPU-I 0   0.000        0.000        0.000        0.000        0.000        0.000        0.000        0.000        
GPU-I 0   0.000        0.000        0.000        0.000        0.000        0.000        0.000        0.000        
GPU-I 0   0.000        0.000        0.000        0.000        0.000        0.000        0.000        0.000        
GPU-I 0   0.000        0.000        0.000        0.000        0.000        0.000        0.000        0.000        
GPU-I 0   0.000        0.000        0.000        0.000        0.000        0.000        0.000        0.000        
GPU-I 0   0.000        0.000        0.000        0.000        0.000        0.000        0.000        0.000        
GPU-I 0   0.000        0.000        0.000        0.000        0.000        0.000        0.000        0.000        
GPU-I 0   0.000        0.000        0.000        0.000        0.000        0.000        0.000        0.000        
GPU-I 0   0.000        0.000        0.000        0.000        0.000        0.000        0.000        0.000        
GPU-I 0   0.015        0.000        0.000        0.000        0.001        0.000        0.000        0.000        
GPU-I 0   0.009        0.000        0.000        0.000        0.001        0.000        0.000        0.000        
GPU-I 0   0.007        0.000        0.000        0.000        0.000        0.000        0.000        0.000        
GPU-I 0   0.372        0.008        0.003        0.001        0.301        0.000        0.000        0.000        
GPU-I 0   0.544        0.493        0.202        0.118        0.229        0.000        0.065        0.000        
GPU-I 0   0.554        0.501        0.206        0.119        0.233        0.000        0.066        0.000        
#Entity   GRACT        SMACT        SMOCC        TENSO        DRAMA        FP64A        FP32A        FP16A        
ID                                                                                                                
GPU-I 0   0.561        0.513        0.211        0.123        0.238        0.000        0.066        0.000        
GPU-I 0   0.568        0.512        0.210        0.122        0.242        0.000        0.066        0.000        
GPU-I 0   0.544        0.510        0.209        0.121        0.238        0.000        0.065        0.000        
GPU-I 0   0.550        0.527        0.216        0.125        0.245        0.000        0.070        0.000        
GPU-I 0   0.563        0.495        0.203        0.117        0.236        0.000        0.069        0.000        
GPU-I 0   0.566        0.455        0.187        0.108        0.243        0.000        0.071        0.000        
GPU-I 0   0.572        0.489        0.201        0.117        0.247        0.000        0.068        0.000        
GPU-I 0   0.557        0.519        0.213        0.123        0.242        0.000        0.065        0.000        
GPU-I 0   0.538        0.519        0.213        0.124        0.241        0.000        0.068        0.000        
GPU-I 0   0.562        0.514        0.211        0.123        0.241        0.000        0.071        0.000        
GPU-I 0   0.569        0.492        0.203        0.116        0.241        0.000        0.073        0.000        
GPU-I 0   0.561        0.473        0.194        0.112        0.243        0.000        0.069        0.000        
GPU-I 0   0.538        0.495        0.203        0.118        0.242        0.000        0.063        0.000        
GPU-I 0   0.563        0.514        0.212        0.121        0.239        0.000        0.068        0.000        
#Entity   GRACT        SMACT        SMOCC        TENSO        DRAMA        FP64A        FP32A        FP16A        
ID                                                                                                                
GPU-I 0   0.562        0.500        0.205        0.119        0.241        0.000        0.071        0.000        
GPU-I 0   0.562        0.512        0.210        0.122        0.238        0.000        0.071        0.000        
GPU-I 0   0.572        0.481        0.197        0.115        0.246        0.000        0.073        0.000        
GPU-I 0   0.550        0.472        0.194        0.112        0.238        0.000        0.068        0.000        
GPU-I 0   0.550        0.510        0.209        0.122        0.240        0.000        0.065        0.000        
GPU-I 0   0.565        0.504        0.207        0.119        0.237        0.000        0.070        0.000        
GPU-I 0   0.563        0.514        0.211        0.122        0.243        0.000        0.073        0.000        
GPU-I 0   0.571        0.488        0.201        0.116        0.245        0.000        0.073        0.000        
GPU-I 0   0.560        0.490        0.201        0.117        0.240        0.000        0.068        0.000        
GPU-I 0   0.564        0.520        0.214        0.122        0.242        0.000        0.065        0.000        
GPU-I 0   0.572        0.526        0.216        0.125        0.245        0.000        0.070        0.000        
GPU-I 0   0.549        0.482        0.198        0.115        0.243        0.000        0.073        0.000        
GPU-I 0   0.556        0.473        0.194        0.113        0.242        0.000        0.072        0.000        
GPU-I 0   0.559        0.502        0.206        0.119        0.234        0.000        0.068        0.000        
#Entity   GRACT        SMACT        SMOCC        TENSO        DRAMA        FP64A        FP32A        FP16A        
ID                                                                                                                
GPU-I 0   0.555        0.506        0.208        0.119        0.236        0.000        0.063        0.000        
GPU-I 0   0.565        0.508        0.209        0.121        0.238        0.000        0.068        0.000        
GPU-I 0   0.565        0.508        0.209        0.120        0.246        0.000        0.073        0.000        
GPU-I 0   0.536        0.454        0.187        0.108        0.240        0.000        0.071        0.000        
GPU-I 0   0.565        0.495        0.204        0.118        0.240        0.000        0.071        0.000        
GPU-I 0   0.568        0.530        0.218        0.126        0.246        0.000        0.065        0.000        
GPU-I 0   0.563        0.520        0.214        0.123        0.242        0.000        0.065        0.000        
GPU-I 0   0.548        0.520        0.213        0.123        0.241        0.000        0.070        0.000        
GPU-I 0   0.576        0.480        0.197        0.114        0.245        0.000        0.073        0.000        
GPU-I 0   0.566        0.471        0.193        0.112        0.241        0.000        0.071        0.000        
GPU-I 0   0.571        0.513        0.211        0.123        0.243        0.000        0.066        0.000        
GPU-I 0   0.543        0.520        0.214        0.125        0.242        0.000        0.065        0.000        
GPU-I 0   0.557        0.523        0.215        0.124        0.243        0.000        0.071        0.000        
GPU-I 0   0.559        0.489        0.201        0.115        0.235        0.000        0.070        0.000        
#Entity   GRACT        SMACT        SMOCC        TENSO        DRAMA        FP64A        FP32A        FP16A        
ID                                                                                                                
GPU-I 0   0.560        0.461        0.189        0.110        0.240        0.000        0.070        0.000        
GPU-I 0   0.557        0.454        0.187        0.108        0.240        0.000        0.069        0.000        
GPU-I 0   0.570        0.473        0.194        0.113        0.245        0.000        0.073        0.000        
GPU-I 0   0.561        0.502        0.206        0.119        0.238        0.000        0.066        0.000        
GPU-I 0   0.567        0.526        0.216        0.125        0.245        0.000        0.065        0.000        
GPU-I 0   0.537        0.528        0.217        0.126        0.245        0.000        0.068        0.000        
GPU-I 0   0.571        0.515        0.212        0.122        0.240        0.000        0.071        0.000        
GPU-I 0   0.541        0.454        0.187        0.108        0.237        0.000        0.066        0.000        
GPU-I 0   0.557        0.521        0.214        0.124        0.242        0.000        0.065        0.000        
GPU-I 0   0.565        0.498        0.204        0.117        0.239        0.000        0.071        0.000        
GPU-I 0   0.568        0.520        0.213        0.124        0.242        0.000        0.071        0.000        
GPU-I 0   0.562        0.477        0.196        0.113        0.242        0.000        0.072        0.000        
GPU-I 0   0.560        0.473        0.194        0.112        0.242        0.000        0.070        0.000        
GPU-I 0   0.537        0.490        0.201        0.116        0.238        0.000        0.063        0.000        
#Entity   GRACT        SMACT        SMOCC        TENSO        DRAMA        FP64A        FP32A        FP16A        
ID                                                                                                                
GPU-I 0   0.569        0.525        0.216        0.125        0.244        0.000        0.068        0.000        
GPU-I 0   0.565        0.508        0.209        0.120        0.244        0.000        0.073        0.000        
GPU-I 0   0.568        0.510        0.210        0.121        0.239        0.000        0.071        0.000        
GPU-I 0   0.560        0.475        0.195        0.113        0.247        0.000        0.068        0.000        
GPU-I 0   0.548        0.510        0.210        0.122        0.237        0.000        0.065        0.000        
GPU-I 0   0.575        0.509        0.209        0.121        0.244        0.000        0.071        0.000        
GPU-I 0   0.487        0.365        0.150        0.087        0.247        0.000        0.073        0.000        
GPU-I 0   0.420        0.388        0.159        0.093        0.181        0.000        0.047        0.000        
GPU-I 0   0.388        0.323        0.133        0.078        0.189        0.000        0.055        0.000        
GPU-I 0   0.430        0.417        0.172        0.099        0.194        0.000        0.042        0.000        
GPU-I 0   0.380        0.319        0.131        0.075        0.187        0.000        0.056        0.000        
GPU-I 0   0.509        0.523        0.215        0.125        0.243        0.000        0.052        0.000        
GPU-I 0   0.557        0.498        0.205        0.118        0.242        0.000        0.071        0.000        
GPU-I 0   0.545        0.480        0.197        0.114        0.235        0.000        0.070        0.000        
#Entity   GRACT        SMACT        SMOCC        TENSO        DRAMA        FP64A        FP32A        FP16A        
ID                                                                                                                
GPU-I 0   0.557        0.472        0.194        0.113        0.243        0.000        0.071        0.000        
GPU-I 0   0.566        0.516        0.212        0.123        0.239        0.000        0.068        0.000        
GPU-I 0   0.554        0.507        0.209        0.120        0.237        0.000        0.063        0.000        
GPU-I 0   0.568        0.520        0.213        0.123        0.242        0.000        0.065        0.000        
GPU-I 0   0.292        0.436        0.179        0.103        0.246        0.000        0.073        0.000        
GPU-I 0   0.000        0.000        0.000        0.000        0.001        0.000        0.000        0.000        
1c-2g-20gb
#Entity   GRACT        SMACT        SMOCC        TENSO        DRAMA        FP64A        FP32A        FP16A        
ID                                                                                                                
GPU-I 0   0.000        0.000        0.000        0.000        0.000        0.000        0.000        0.000        
GPU-I 0   0.000        0.000        0.000        0.000        0.000        0.000        0.000        0.000        
GPU-I 0   0.000        0.000        0.000        0.000        0.000        0.000        0.000        0.000        
GPU-I 0   0.000        0.000        0.000        0.000        0.000        0.000        0.000        0.000        
GPU-I 0   0.000        0.000        0.000        0.000        0.000        0.000        0.000        0.000        
GPU-I 0   0.000        0.000        0.000        0.000        0.000        0.000        0.000        0.000        
GPU-I 0   0.000        0.000        0.000        0.000        0.000        0.000        0.000        0.000        
GPU-I 0   0.000        0.000        0.000        0.000        0.000        0.000        0.000        0.000        
GPU-I 0   0.000        0.000        0.000        0.000        0.000        0.000        0.000        0.000        
GPU-I 0   0.018        0.000        0.000        0.000        0.001        0.000        0.000        0.000        
GPU-I 0   0.006        0.000        0.000        0.000        0.001        0.000        0.000        0.000        
GPU-I 0   0.008        0.000        0.000        0.000        0.001        0.000        0.000        0.000        
GPU-I 0   0.570        0.393        0.181        0.084        0.517        0.000        0.003        0.000        
GPU-I 0   0.924        0.869        0.401        0.183        0.521        0.000        0.107        0.000        
GPU-I 0   0.892        0.855        0.394        0.181        0.521        0.000        0.107        0.000        
#Entity   GRACT        SMACT        SMOCC        TENSO        DRAMA        FP64A        FP32A        FP16A        
ID                                                                                                                
GPU-I 0   0.887        0.832        0.384        0.177        0.502        0.000        0.102        0.000        
GPU-I 0   0.884        0.835        0.385        0.178        0.502        0.000        0.103        0.000        
GPU-I 0   0.882        0.819        0.378        0.173        0.500        0.000        0.101        0.000        
GPU-I 0   0.885        0.830        0.382        0.176        0.504        0.000        0.103        0.000        
GPU-I 0   0.892        0.836        0.386        0.178        0.504        0.000        0.102        0.000        
GPU-I 0   0.883        0.836        0.385        0.177        0.501        0.000        0.103        0.000        
GPU-I 0   0.882        0.831        0.383        0.177        0.498        0.000        0.102        0.000        
GPU-I 0   0.884        0.836        0.386        0.178        0.501        0.000        0.102        0.000        
GPU-I 0   0.892        0.828        0.382        0.176        0.505        0.000        0.102        0.000        
GPU-I 0   0.891        0.843        0.389        0.178        0.506        0.000        0.101        0.000        
GPU-I 0   0.882        0.839        0.387        0.178        0.503        0.000        0.102        0.000        
GPU-I 0   0.888        0.830        0.384        0.174        0.506        0.000        0.102        0.000        
GPU-I 0   0.892        0.830        0.384        0.174        0.504        0.000        0.103        0.000        
GPU-I 0   0.896        0.832        0.384        0.176        0.506        0.000        0.102        0.000        
#Entity   GRACT        SMACT        SMOCC        TENSO        DRAMA        FP64A        FP32A        FP16A        
ID                                                                                                                
GPU-I 0   0.892        0.834        0.385        0.176        0.506        0.000        0.105        0.000        
GPU-I 0   0.891        0.847        0.391        0.180        0.507        0.000        0.102        0.000        
GPU-I 0   0.884        0.835        0.385        0.176        0.502        0.000        0.103        0.000        
GPU-I 0   0.881        0.822        0.379        0.174        0.505        0.000        0.103        0.000        
GPU-I 0   0.888        0.832        0.384        0.176        0.505        0.000        0.102        0.000        
GPU-I 0   0.891        0.842        0.389        0.177        0.505        0.000        0.104        0.000        
GPU-I 0   0.895        0.840        0.388        0.177        0.507        0.000        0.106        0.000        
GPU-I 0   0.900        0.846        0.391        0.178        0.509        0.000        0.106        0.000        
GPU-I 0   0.895        0.825        0.381        0.173        0.509        0.000        0.105        0.000        
GPU-I 0   0.897        0.844        0.390        0.179        0.506        0.000        0.105        0.000        
GPU-I 0   0.895        0.848        0.392        0.180        0.508        0.000        0.099        0.000        
GPU-I 0   0.900        0.840        0.388        0.178        0.509        0.000        0.104        0.000        
GPU-I 0   0.898        0.848        0.391        0.179        0.511        0.000        0.106        0.000        
GPU-I 0   0.891        0.828        0.382        0.173        0.506        0.000        0.102        0.000        
#Entity   GRACT        SMACT        SMOCC        TENSO        DRAMA        FP64A        FP32A        FP16A        
ID                                                                                                                
GPU-I 0   0.883        0.822        0.379        0.172        0.503        0.000        0.102        0.000        
GPU-I 0   0.892        0.828        0.382        0.175        0.510        0.000        0.106        0.000        
GPU-I 0   0.878        0.821        0.378        0.173        0.500        0.000        0.102        0.000        
GPU-I 0   0.881        0.815        0.375        0.172        0.504        0.000        0.102        0.000        
GPU-I 0   0.878        0.812        0.374        0.172        0.505        0.000        0.102        0.000        
GPU-I 0   0.870        0.808        0.373        0.170        0.497        0.000        0.101        0.000        
GPU-I 0   0.887        0.831        0.384        0.176        0.506        0.000        0.103        0.000        
GPU-I 0   0.902        0.842        0.388        0.178        0.511        0.000        0.106        0.000        
GPU-I 0   0.900        0.851        0.393        0.181        0.510        0.000        0.102        0.000        
GPU-I 0   0.897        0.842        0.389        0.176        0.510        0.000        0.102        0.000        
GPU-I 0   0.911        0.852        0.394        0.181        0.514        0.000        0.106        0.000        
GPU-I 0   0.903        0.833        0.385        0.175        0.513        0.000        0.106        0.000        
GPU-I 0   0.894        0.827        0.381        0.175        0.506        0.000        0.103        0.000        
GPU-I 0   0.904        0.851        0.393        0.180        0.510        0.000        0.103        0.000        
#Entity   GRACT        SMACT        SMOCC        TENSO        DRAMA        FP64A        FP32A        FP16A        
ID                                                                                                                
GPU-I 0   0.891        0.843        0.389        0.178        0.505        0.000        0.102        0.000        
GPU-I 0   0.893        0.843        0.389        0.178        0.506        0.000        0.102        0.000        
GPU-I 0   0.892        0.844        0.390        0.180        0.506        0.000        0.103        0.000        
GPU-I 0   0.890        0.839        0.387        0.178        0.505        0.000        0.105        0.000        
GPU-I 0   0.902        0.844        0.390        0.178        0.513        0.000        0.102        0.000        
GPU-I 0   0.896        0.829        0.383        0.174        0.506        0.000        0.103        0.000        
GPU-I 0   0.896        0.820        0.378        0.173        0.509        0.000        0.106        0.000        
GPU-I 0   0.908        0.854        0.395        0.181        0.511        0.000        0.103        0.000        
GPU-I 0   0.888        0.832        0.384        0.174        0.502        0.000        0.102        0.000        
GPU-I 0   0.905        0.848        0.392        0.180        0.514        0.000        0.105        0.000        
GPU-I 0   0.889        0.841        0.389        0.177        0.505        0.000        0.102        0.000        
GPU-I 0   0.899        0.831        0.384        0.174        0.509        0.000        0.102        0.000        
GPU-I 0   0.896        0.829        0.382        0.175        0.508        0.000        0.102        0.000        
GPU-I 0   0.894        0.846        0.390        0.180        0.507        0.000        0.102        0.000        
#Entity   GRACT        SMACT        SMOCC        TENSO        DRAMA        FP64A        FP32A        FP16A        
ID                                                                                                                
GPU-I 0   0.887        0.838        0.387        0.177        0.506        0.000        0.100        0.000        
GPU-I 0   0.905        0.847        0.392        0.179        0.511        0.000        0.104        0.000        
GPU-I 0   0.898        0.840        0.387        0.178        0.512        0.000        0.106        0.000        
GPU-I 0   0.887        0.848        0.392        0.180        0.508        0.000        0.102        0.000        
GPU-I 0   0.887        0.835        0.386        0.176        0.508        0.000        0.103        0.000        
GPU-I 0   0.887        0.822        0.380        0.173        0.509        0.000        0.105        0.000        
GPU-I 0   0.891        0.842        0.389        0.178        0.506        0.000        0.102        0.000        
GPU-I 0   0.901        0.848        0.392        0.178        0.508        0.000        0.103        0.000        
GPU-I 0   0.896        0.823        0.381        0.174        0.511        0.000        0.102        0.000        
GPU-I 0   0.901        0.847        0.391        0.179        0.512        0.000        0.102        0.000        
GPU-I 0   0.898        0.847        0.391        0.177        0.508        0.000        0.102        0.000        
GPU-I 0   0.903        0.847        0.391        0.181        0.511        0.000        0.105        0.000        
GPU-I 0   0.894        0.849        0.392        0.178        0.509        0.000        0.102        0.000        
GPU-I 0   0.894        0.841        0.389        0.177        0.507        0.000        0.106        0.000        
#Entity   GRACT        SMACT        SMOCC        TENSO        DRAMA        FP64A        FP32A        FP16A        
ID                                                                                                                
GPU-I 0   0.883        0.816        0.377        0.172        0.504        0.000        0.103        0.000        
GPU-I 0   0.888        0.824        0.381        0.174        0.510        0.000        0.102        0.000        
GPU-I 0   0.887        0.824        0.380        0.174        0.504        0.000        0.102        0.000        
GPU-I 0   0.904        0.850        0.392        0.181        0.511        0.000        0.106        0.000        
GPU-I 0   0.137        0.000        0.000        0.000        0.306        0.000        0.000        0.000        
1c-1g-10gb
#Entity   GRACT        SMACT        SMOCC        TENSO        DRAMA        FP64A        FP32A        FP16A        
ID                                                                                                                
GPU-I 0   0.000        0.000        0.000        0.000        0.000        0.000        0.000        0.000        
GPU-I 0   0.000        0.000        0.000        0.000        0.000        0.000        0.000        0.000        
GPU-I 0   0.000        0.000        0.000        0.000        0.000        0.000        0.000        0.000        
GPU-I 0   0.000        0.000        0.000        0.000        0.000        0.000        0.000        0.000        
GPU-I 0   0.000        0.000        0.000        0.000        0.000        0.000        0.000        0.000        
GPU-I 0   0.000        0.000        0.000        0.000        0.000        0.000        0.000        0.000        
GPU-I 0   0.000        0.000        0.000        0.000        0.000        0.000        0.000        0.000        
GPU-I 0   0.000        0.000        0.000        0.000        0.000        0.000        0.000        0.000        
GPU-I 0   0.000        0.000        0.000        0.000        0.000        0.000        0.000        0.000        
GPU-I 0   0.015        0.000        0.000        0.000        0.002        0.000        0.000        0.000        
GPU-I 0   0.011        0.001        0.001        0.000        0.002        0.000        0.000        0.000        
GPU-I 0   0.005        0.000        0.000        0.000        0.002        0.000        0.000        0.000        
GPU-I 0   0.019        0.000        0.000        0.000        0.015        0.000        0.000        0.000        
GPU-I 0   0.849        0.937        0.452        0.198        0.590        0.000        0.056        0.000        
GPU-I 0   0.962        0.934        0.451        0.196        0.591        0.000        0.115        0.000        
#Entity   GRACT        SMACT        SMOCC        TENSO        DRAMA        FP64A        FP32A        FP16A        
ID                                                                                                                
GPU-I 0   0.960        0.924        0.447        0.190        0.590        0.000        0.110        0.000        
GPU-I 0   0.958        0.924        0.446        0.196        0.587        0.000        0.114        0.000        
GPU-I 0   0.958        0.925        0.446        0.192        0.589        0.000        0.115        0.000        
GPU-I 0   0.957        0.924        0.445        0.197        0.589        0.000        0.114        0.000        
GPU-I 0   0.960        0.933        0.449        0.200        0.590        0.000        0.114        0.000        
GPU-I 0   0.958        0.933        0.449        0.196        0.587        0.000        0.113        0.000        
GPU-I 0   0.962        0.933        0.450        0.197        0.589        0.000        0.115        0.000        
GPU-I 0   0.960        0.925        0.447        0.190        0.590        0.000        0.111        0.000        
GPU-I 0   0.958        0.925        0.446        0.196        0.587        0.000        0.112        0.000        
GPU-I 0   0.957        0.924        0.446        0.194        0.588        0.000        0.114        0.000        
GPU-I 0   0.961        0.924        0.446        0.194        0.589        0.000        0.113        0.000        
GPU-I 0   0.958        0.932        0.449        0.199        0.587        0.000        0.111        0.000        
GPU-I 0   0.960        0.933        0.451        0.194        0.590        0.000        0.116        0.000        
GPU-I 0   0.957        0.923        0.446        0.193        0.587        0.000        0.112        0.000        
#Entity   GRACT        SMACT        SMOCC        TENSO        DRAMA        FP64A        FP32A        FP16A        
ID                                                                                                                
GPU-I 0   0.962        0.923        0.446        0.192        0.590        0.000        0.111        0.000        
GPU-I 0   0.960        0.923        0.446        0.198        0.587        0.000        0.117        0.000        
GPU-I 0   0.959        0.926        0.444        0.197        0.587        0.000        0.111        0.000        
GPU-I 0   0.958        0.933        0.450        0.195        0.589        0.000        0.117        0.000        
GPU-I 0   0.958        0.932        0.448        0.197        0.589        0.000        0.111        0.000        
GPU-I 0   0.960        0.933        0.451        0.193        0.590        0.000        0.113        0.000        
GPU-I 0   0.957        0.922        0.446        0.193        0.587        0.000        0.114        0.000        
GPU-I 0   0.962        0.923        0.446        0.192        0.590        0.000        0.111        0.000        
GPU-I 0   0.960        0.923        0.445        0.198        0.589        0.000        0.117        0.000        
GPU-I 0   0.961        0.932        0.448        0.197        0.588        0.000        0.111        0.000        
GPU-I 0   0.961        0.934        0.451        0.193        0.590        0.000        0.117        0.000        
GPU-I 0   0.957        0.924        0.447        0.189        0.586        0.000        0.111        0.000        
GPU-I 0   0.958        0.925        0.447        0.196        0.588        0.000        0.111        0.000        
GPU-I 0   0.959        0.926        0.446        0.190        0.587        0.000        0.117        0.000        
#Entity   GRACT        SMACT        SMOCC        TENSO        DRAMA        FP64A        FP32A        FP16A        
ID                                                                                                                
GPU-I 0   0.959        0.924        0.444        0.199        0.589        0.000        0.111        0.000        
GPU-I 0   0.962        0.933        0.449        0.199        0.589        0.000        0.117        0.000        
GPU-I 0   0.960        0.933        0.450        0.197        0.587        0.000        0.114        0.000        
GPU-I 0   0.960        0.933        0.450        0.196        0.590        0.000        0.114        0.000        
GPU-I 0   0.957        0.924        0.447        0.189        0.586        0.000        0.112        0.000        
GPU-I 0   0.958        0.924        0.445        0.196        0.588        0.000        0.111        0.000        
GPU-I 0   0.960        0.925        0.446        0.191        0.589        0.000        0.117        0.000        
GPU-I 0   0.959        0.924        0.445        0.199        0.589        0.000        0.111        0.000        
GPU-I 0   0.958        0.933        0.449        0.200        0.589        0.000        0.117        0.000        
GPU-I 0   0.958        0.933        0.449        0.196        0.587        0.000        0.115        0.000        
GPU-I 0   0.962        0.932        0.451        0.197        0.589        0.000        0.114        0.000        
GPU-I 0   0.960        0.924        0.446        0.190        0.589        0.000        0.113        0.000        
GPU-I 0   0.958        0.925        0.447        0.195        0.587        0.000        0.110        0.000        
GPU-I 0   0.958        0.923        0.445        0.194        0.588        0.000        0.115        0.000        
#Entity   GRACT        SMACT        SMOCC        TENSO        DRAMA        FP64A        FP32A        FP16A        
ID                                                                                                                
GPU-I 0   0.957        0.924        0.446        0.194        0.588        0.000        0.113        0.000        
GPU-I 0   0.960        0.933        0.448        0.202        0.589        0.000        0.115        0.000        
GPU-I 0   0.960        0.934        0.448        0.195        0.587        0.000        0.115        0.000        
GPU-I 0   0.962        0.931        0.450        0.197        0.588        0.000        0.115        0.000        
GPU-I 0   0.960        0.924        0.447        0.190        0.590        0.000        0.114        0.000        
GPU-I 0   0.958        0.924        0.445        0.197        0.586        0.000        0.112        0.000        
GPU-I 0   0.958        0.925        0.446        0.194        0.589        0.000        0.114        0.000        
GPU-I 0   0.961        0.924        0.445        0.194        0.589        0.000        0.114        0.000        
GPU-I 0   0.958        0.932        0.447        0.201        0.587        0.000        0.111        0.000        
GPU-I 0   0.960        0.932        0.450        0.194        0.590        0.000        0.117        0.000        
GPU-I 0   0.959        0.927        0.447        0.193        0.588        0.000        0.111        0.000        
GPU-I 0   0.962        0.923        0.445        0.192        0.589        0.000        0.113        0.000        
GPU-I 0   0.960        0.922        0.445        0.196        0.587        0.000        0.113        0.000        
GPU-I 0   0.960        0.922        0.444        0.194        0.590        0.000        0.114        0.000        
#Entity   GRACT        SMACT        SMOCC        TENSO        DRAMA        FP64A        FP32A        FP16A        
ID                                                                                                                
GPU-I 0   0.957        0.931        0.448        0.200        0.586        0.000        0.117        0.000        
GPU-I 0   0.958        0.932        0.449        0.197        0.589        0.000        0.111        0.000        
GPU-I 0   0.960        0.931        0.449        0.194        0.589        0.000        0.117        0.000        
GPU-I 0   0.958        0.926        0.448        0.192        0.588        0.000        0.111        0.000        
GPU-I 0   0.962        0.923        0.445        0.192        0.590        0.000        0.113        0.000        
GPU-I 0   0.960        0.923        0.446        0.196        0.587        0.000        0.113        0.000        
GPU-I 0   0.962        0.927        0.447        0.196        0.590        0.000        0.114        0.000        
GPU-I 0   0.960        0.934        0.451        0.192        0.590        0.000        0.117        0.000        
GPU-I 0   0.958        0.924        0.447        0.195        0.587        0.000        0.111        0.000        
GPU-I 0   0.957        0.924        0.445        0.193        0.589        0.000        0.117        0.000        
GPU-I 0   0.955        0.925        0.446        0.195        0.583        0.000        0.111        0.000        
GPU-I 0   0.960        0.924        0.446        0.194        0.589        0.000        0.114        0.000        
GPU-I 0   0.957        0.923        0.445        0.194        0.587        0.000        0.112        0.000        
GPU-I 0   0.962        0.932        0.447        0.201        0.590        0.000        0.115        0.000        
#Entity   GRACT        SMACT        SMOCC        TENSO        DRAMA        FP64A        FP32A        FP16A        
ID                                                                                                                
GPU-I 0   0.960        0.934        0.449        0.195        0.588        0.000        0.117        0.000        
GPU-I 0   0.960        0.931        0.450        0.197        0.588        0.000        0.111        0.000        
GPU-I 0   0.957        0.923        0.445        0.191        0.589        0.000        0.117        0.000        
GPU-I 0   0.958        0.925        0.446        0.196        0.588        0.000        0.111        0.000        
GPU-I 0   0.960        0.924        0.446        0.193        0.589        0.000        0.114        0.000        
GPU-I 0   0.957        0.923        0.445        0.195        0.586        0.000        0.111        0.000        
GPU-I 0   0.959        0.932        0.447        0.201        0.590        0.000        0.115        0.000        
GPU-I 0   0.961        0.925        0.448        0.195        0.587        0.000        0.111        0.000        
GPU-I 0   0.960        0.924        0.446        0.192        0.589        0.000        0.115        0.000        
GPU-I 0   0.957        0.924        0.447        0.195        0.587        0.000        0.109        0.000        
GPU-I 0   0.957        0.924        0.446        0.196        0.588        0.000        0.114        0.000        
GPU-I 0   0.958        0.927        0.445        0.194        0.588        0.000        0.114        0.000        
GPU-I 0   0.960        0.933        0.450        0.199        0.589        0.000        0.115        0.000        
GPU-I 0   0.962        0.934        0.451        0.192        0.590        0.000        0.115        0.000        
#Entity   GRACT        SMACT        SMOCC        TENSO        DRAMA        FP64A        FP32A        FP16A        
ID                                                                                                                
GPU-I 0   0.960        0.924        0.446        0.193        0.587        0.000        0.113        0.000        
GPU-I 0   0.960        0.925        0.445        0.194        0.590        0.000        0.115        0.000        
GPU-I 0   0.957        0.924        0.447        0.194        0.586        0.000        0.109        0.000        
GPU-I 0   0.957        0.924        0.445        0.197        0.588        0.000        0.115        0.000        
GPU-I 0   0.958        0.927        0.445        0.194        0.587        0.000        0.114        0.000        
GPU-I 0   0.961        0.934        0.451        0.199        0.589        0.000        0.115        0.000        
GPU-I 0   0.959        0.934        0.451        0.193        0.589        0.000        0.114        0.000        
GPU-I 0   0.963        0.924        0.445        0.196        0.589        0.000        0.111        0.000        
GPU-I 0   0.960        0.922        0.443        0.196        0.590        0.000        0.117        0.000        
GPU-I 0   0.957        0.933        0.448        0.199        0.587        0.000        0.111        0.000        
GPU-I 0   0.958        0.932        0.450        0.194        0.589        0.000        0.117        0.000        
GPU-I 0   0.957        0.932        0.448        0.197        0.588        0.000        0.111        0.000        
GPU-I 0   0.960        0.931        0.451        0.193        0.588        0.000        0.112        0.000        
GPU-I 0   0.957        0.922        0.446        0.193        0.587        0.000        0.114        0.000        
#Entity   GRACT        SMACT        SMOCC        TENSO        DRAMA        FP64A        FP32A        FP16A        
ID                                                                                                                
GPU-I 0   0.962        0.922        0.444        0.192        0.590        0.000        0.111        0.000        
GPU-I 0   0.960        0.922        0.443        0.197        0.589        0.000        0.117        0.000        
GPU-I 0   0.958        0.932        0.447        0.199        0.586        0.000        0.111        0.000        
GPU-I 0   0.957        0.932        0.449        0.195        0.588        0.000        0.117        0.000        
GPU-I 0   0.957        0.930        0.448        0.196        0.588        0.000        0.111        0.000        
GPU-I 0   0.956        0.927        0.448        0.193        0.589        0.000        0.115        0.000        
GPU-I 0   0.958        0.925        0.446        0.194        0.587        0.000        0.113        0.000        
GPU-I 0   0.960        0.924        0.446        0.198        0.588        0.000        0.111        0.000        
GPU-I 0   0.958        0.926        0.444        0.194        0.587        0.000        0.116        0.000        
GPU-I 0   0.962        0.933        0.450        0.199        0.589        0.000        0.112        0.000        
GPU-I 0   0.959        0.934        0.451        0.193        0.590        0.000        0.117        0.000        
GPU-I 0   0.957        0.924        0.447        0.192        0.587        0.000        0.111        0.000        
GPU-I 0   0.957        0.924        0.446        0.194        0.588        0.000        0.115        0.000        
GPU-I 0   0.957        0.924        0.446        0.194        0.588        0.000        0.113        0.000        
#Entity   GRACT        SMACT        SMOCC        TENSO        DRAMA        FP64A        FP32A        FP16A        
ID                                                                                                                
GPU-I 0   0.959        0.923        0.444        0.199        0.589        0.000        0.111        0.000        
GPU-I 0   0.961        0.932        0.449        0.195        0.589        0.000        0.117        0.000        
GPU-I 0   0.960        0.933        0.450        0.200        0.588        0.000        0.111        0.000        
GPU-I 0   0.960        0.934        0.451        0.193        0.589        0.000        0.117        0.000        
GPU-I 0   0.960        0.924        0.447        0.191        0.588        0.000        0.111        0.000        
GPU-I 0   0.960        0.923        0.445        0.194        0.590        0.000        0.114        0.000        
GPU-I 0   0.956        0.924        0.447        0.194        0.586        0.000        0.108        0.000        
GPU-I 0   0.957        0.923        0.445        0.196        0.586        0.000        0.114        0.000        
GPU-I 0   0.957        0.925        0.444        0.193        0.586        0.000        0.113        0.000        
GPU-I 0   0.959        0.932        0.449        0.200        0.588        0.000        0.115        0.000        
GPU-I 0   0.959        0.933        0.449        0.194        0.588        0.000        0.115        0.000        
GPU-I 0   0.961        0.930        0.450        0.197        0.588        0.000        0.114        0.000        
GPU-I 0   0.959        0.923        0.446        0.190        0.589        0.000        0.113        0.000        
GPU-I 0   0.958        0.923        0.445        0.195        0.587        0.000        0.113        0.000        
#Entity   GRACT        SMACT        SMOCC        TENSO        DRAMA        FP64A        FP32A        FP16A        
ID                                                                                                                
GPU-I 0   0.956        0.923        0.444        0.190        0.588        0.000        0.115        0.000        
GPU-I 0   0.957        0.923        0.443        0.198        0.588        0.000        0.115        0.000        
GPU-I 0   0.959        0.931        0.448        0.196        0.588        0.000        0.114        0.000        
GPU-I 0   0.956        0.932        0.449        0.199        0.587        0.000        0.115        0.000        
GPU-I 0   0.959        0.932        0.449        0.193        0.588        0.000        0.113        0.000        
GPU-I 0   0.956        0.922        0.445        0.193        0.586        0.000        0.112        0.000        
GPU-I 0   0.961        0.922        0.444        0.192        0.589        0.000        0.111        0.000        
GPU-I 0   0.958        0.921        0.447        0.196        0.587        0.000        0.115        0.000        
GPU-I 0   0.959        0.921        0.442        0.195        0.589        0.000        0.113        0.000        
GPU-I 0   0.956        0.930        0.447        0.199        0.586        0.000        0.117        0.000        
GPU-I 0   0.641        0.931        0.448        0.197        0.588        0.000        0.037        0.000        
GPU-I 0   0.000        0.000        0.000        0.000        0.003        0.000        0.000        0.000        
