1c-7g-80gb
#Entity   GRACT        SMACT        SMOCC        TENSO        DRAMA        FP64A        FP32A        FP16A        
ID                                                                                                                
GPU-I 0   0.000        0.000        0.000        0.000        0.000        0.000        0.000        0.000        
GPU-I 0   0.000        0.000        0.000        0.000        0.000        0.000        0.000        0.000        
GPU-I 0   0.000        0.000        0.000        0.000        0.000        0.000        0.000        0.000        
GPU-I 0   0.000        0.000        0.000        0.000        0.000        0.000        0.000        0.000        
GPU-I 0   0.000        0.000        0.000        0.000        0.000        0.000        0.000        0.000        
GPU-I 0   0.000        0.000        0.000        0.000        0.000        0.000        0.000        0.000        
GPU-I 0   0.000        0.000        0.000        0.000        0.000        0.000        0.000        0.000        
GPU-I 0   0.000        0.000        0.000        0.000        0.000        0.000        0.000        0.000        
GPU-I 0   0.000        0.000        0.000        0.000        0.000        0.000        0.000        0.000        
GPU-I 0   0.017        0.000        0.000        0.000        0.001        0.000        0.000        0.000        
GPU-I 0   0.011        0.000        0.000        0.000        0.000        0.000        0.000        0.000        
GPU-I 0   0.008        0.000        0.000        0.000        0.000        0.000        0.000        0.000        
GPU-I 0   0.109        0.021        0.011        0.002        0.052        0.000        0.000        0.000        
GPU-I 0   0.196        0.147        0.079        0.011        0.052        0.000        0.022        0.000        
GPU-I 0   0.172        0.128        0.069        0.009        0.049        0.000        0.021        0.000        
#Entity   GRACT        SMACT        SMOCC        TENSO        DRAMA        FP64A        FP32A        FP16A        
ID                                                                                                                
GPU-I 0   0.190        0.144        0.078        0.011        0.052        0.000        0.020        0.000        
GPU-I 0   0.181        0.134        0.072        0.010        0.050        0.000        0.022        0.000        
GPU-I 0   0.190        0.144        0.078        0.011        0.052        0.000        0.020        0.000        
GPU-I 0   0.181        0.133        0.071        0.010        0.051        0.000        0.022        0.000        
GPU-I 0   0.189        0.140        0.075        0.011        0.052        0.000        0.020        0.000        
GPU-I 0   0.178        0.132        0.071        0.010        0.051        0.000        0.022        0.000        
GPU-I 0   0.190        0.144        0.078        0.011        0.052        0.000        0.020        0.000        
GPU-I 0   0.171        0.124        0.067        0.009        0.049        0.000        0.021        0.000        
GPU-I 0   0.187        0.143        0.077        0.011        0.051        0.000        0.021        0.000        
GPU-I 0   0.185        0.135        0.073        0.010        0.050        0.000        0.020        0.000        
GPU-I 0   0.180        0.135        0.072        0.010        0.054        0.000        0.022        0.000        
GPU-I 0   0.194        0.141        0.076        0.011        0.052        0.000        0.022        0.000        
GPU-I 0   0.169        0.131        0.071        0.010        0.048        0.000        0.019        0.000        
GPU-I 0   0.193        0.140        0.076        0.010        0.052        0.000        0.022        0.000        
#Entity   GRACT        SMACT        SMOCC        TENSO        DRAMA        FP64A        FP32A        FP16A        
ID                                                                                                                
GPU-I 0   0.182        0.129        0.069        0.010        0.049        0.000        0.021        0.000        
GPU-I 0   0.186        0.151        0.081        0.011        0.054        0.000        0.021        0.000        
GPU-I 0   0.189        0.129        0.070        0.010        0.052        0.000        0.022        0.000        
GPU-I 0   0.176        0.141        0.076        0.011        0.051        0.000        0.019        0.000        
GPU-I 0   0.190        0.130        0.070        0.010        0.052        0.000        0.022        0.000        
GPU-I 0   0.175        0.129        0.069        0.010        0.048        0.000        0.020        0.000        
GPU-I 0   0.192        0.144        0.077        0.011        0.052        0.000        0.021        0.000        
GPU-I 0   0.184        0.129        0.069        0.010        0.050        0.000        0.021        0.000        
GPU-I 0   0.179        0.147        0.078        0.011        0.053        0.000        0.019        0.000        
GPU-I 0   0.189        0.134        0.072        0.010        0.052        0.000        0.022        0.000        
GPU-I 0   0.170        0.124        0.067        0.009        0.047        0.000        0.019        0.000        
GPU-I 0   0.194        0.144        0.078        0.011        0.052        0.000        0.022        0.000        
GPU-I 0   0.177        0.135        0.073        0.010        0.048        0.000        0.019        0.000        
GPU-I 0   0.196        0.144        0.078        0.011        0.052        0.000        0.022        0.000        
#Entity   GRACT        SMACT        SMOCC        TENSO        DRAMA        FP64A        FP32A        FP16A        
ID                                                                                                                
GPU-I 0   0.184        0.139        0.074        0.010        0.049        0.000        0.020        0.000        
GPU-I 0   0.189        0.133        0.071        0.010        0.054        0.000        0.021        0.000        
GPU-I 0   0.191        0.145        0.078        0.011        0.052        0.000        0.022        0.000        
GPU-I 0   0.172        0.124        0.067        0.009        0.048        0.000        0.019        0.000        
GPU-I 0   0.194        0.145        0.078        0.011        0.052        0.000        0.022        0.000        
GPU-I 0   0.179        0.136        0.073        0.010        0.049        0.000        0.019        0.000        
GPU-I 0   0.191        0.133        0.071        0.010        0.054        0.000        0.022        0.000        
GPU-I 0   0.189        0.145        0.078        0.011        0.052        0.000        0.021        0.000        
GPU-I 0   0.178        0.124        0.067        0.009        0.054        0.000        0.021        0.000        
GPU-I 0   0.197        0.145        0.078        0.011        0.052        0.000        0.022        0.000        
GPU-I 0   0.174        0.124        0.067        0.009        0.049        0.000        0.021        0.000        
GPU-I 0   0.196        0.145        0.078        0.011        0.052        0.000        0.021        0.000        
GPU-I 0   0.187        0.135        0.073        0.010        0.050        0.000        0.020        0.000        
GPU-I 0   0.185        0.133        0.071        0.010        0.054        0.000        0.023        0.000        
#Entity   GRACT        SMACT        SMOCC        TENSO        DRAMA        FP64A        FP32A        FP16A        
ID                                                                                                                
GPU-I 0   0.192        0.145        0.078        0.011        0.052        0.000        0.020        0.000        
GPU-I 0   0.179        0.127        0.069        0.009        0.048        0.000        0.020        0.000        
GPU-I 0   0.190        0.144        0.077        0.011        0.052        0.000        0.022        0.000        
GPU-I 0   0.192        0.145        0.078        0.011        0.052        0.000        0.020        0.000        
GPU-I 0   0.173        0.124        0.067        0.009        0.048        0.000        0.021        0.000        
GPU-I 0   0.188        0.144        0.078        0.011        0.052        0.000        0.021        0.000        
GPU-I 0   0.192        0.145        0.078        0.011        0.052        0.000        0.020        0.000        
GPU-I 0   0.190        0.124        0.067        0.009        0.054        0.000        0.021        0.000        
GPU-I 0   0.172        0.133        0.071        0.010        0.048        0.000        0.019        0.000        
GPU-I 0   0.187        0.135        0.073        0.010        0.052        0.000        0.021        0.000        
GPU-I 0   0.192        0.130        0.070        0.010        0.052        0.000        0.022        0.000        
GPU-I 0   0.178        0.129        0.069        0.009        0.048        0.000        0.021        0.000        
GPU-I 0   0.181        0.151        0.081        0.011        0.054        0.000        0.019        0.000        
GPU-I 0   0.185        0.130        0.070        0.010        0.052        0.000        0.021        0.000        
#Entity   GRACT        SMACT        SMOCC        TENSO        DRAMA        FP64A        FP32A        FP16A        
ID                                                                                                                
GPU-I 0   0.192        0.130        0.070        0.010        0.052        0.000        0.022        0.000        
GPU-I 0   0.188        0.129        0.069        0.009        0.052        0.000        0.022        0.000        
GPU-I 0   0.233        0.172        0.093        0.013        0.062        0.000        0.027        0.000        
GPU-I 0   0.231        0.172        0.092        0.013        0.063        0.000        0.025        0.000        
GPU-I 0   0.232        0.166        0.089        0.012        0.063        0.000        0.027        0.000        
GPU-I 0   0.231        0.171        0.092        0.013        0.063        0.000        0.025        0.000        
GPU-I 0   0.232        0.168        0.091        0.012        0.063        0.000        0.027        0.000        
GPU-I 0   0.228        0.169        0.091        0.012        0.061        0.000        0.025        0.000        
GPU-I 0   0.226        0.165        0.089        0.012        0.059        0.000        0.025        0.000        
GPU-I 0   0.229        0.171        0.091        0.013        0.061        0.000        0.025        0.000        
GPU-I 0   0.228        0.165        0.089        0.012        0.062        0.000        0.025        0.000        
GPU-I 0   0.234        0.174        0.093        0.013        0.062        0.000        0.026        0.000        
GPU-I 0   0.228        0.165        0.089        0.012        0.062        0.000        0.025        0.000        
GPU-I 0   0.107        0.005        0.003        0.000        0.061        0.000        0.020        0.000        
1c-4g-40gb
#Entity   GRACT        SMACT        SMOCC        TENSO        DRAMA        FP64A        FP32A        FP16A        
ID                                                                                                                
GPU-I 0   0.000        0.000        0.000        0.000        0.000        0.000        0.000        0.000        
GPU-I 0   0.000        0.000        0.000        0.000        0.000        0.000        0.000        0.000        
GPU-I 0   0.000        0.000        0.000        0.000        0.000        0.000        0.000        0.000        
GPU-I 0   0.000        0.000        0.000        0.000        0.000        0.000        0.000        0.000        
GPU-I 0   0.000        0.000        0.000        0.000        0.000        0.000        0.000        0.000        
GPU-I 0   0.000        0.000        0.000        0.000        0.000        0.000        0.000        0.000        
GPU-I 0   0.000        0.000        0.000        0.000        0.000        0.000        0.000        0.000        
GPU-I 0   0.000        0.000        0.000        0.000        0.000        0.000        0.000        0.000        
GPU-I 0   0.000        0.000        0.000        0.000        0.000        0.000        0.000        0.000        
GPU-I 0   0.023        0.000        0.000        0.000        0.001        0.000        0.000        0.000        
GPU-I 0   0.008        0.000        0.000        0.000        0.001        0.000        0.000        0.000        
GPU-I 0   0.007        0.000        0.000        0.000        0.000        0.000        0.000        0.000        
GPU-I 0   0.108        0.166        0.097        0.013        0.075        0.000        0.003        0.000        
GPU-I 0   0.277        0.215        0.126        0.016        0.112        0.000        0.033        0.000        
GPU-I 0   0.270        0.215        0.126        0.016        0.107        0.000        0.037        0.000        
#Entity   GRACT        SMACT        SMOCC        TENSO        DRAMA        FP64A        FP32A        FP16A        
ID                                                                                                                
GPU-I 0   0.335        0.279        0.163        0.021        0.132        0.000        0.044        0.000        
GPU-I 0   0.326        0.272        0.160        0.020        0.128        0.000        0.044        0.000        
GPU-I 0   0.307        0.256        0.151        0.019        0.122        0.000        0.041        0.000        
GPU-I 0   0.308        0.267        0.157        0.020        0.122        0.000        0.041        0.000        
GPU-I 0   0.313        0.274        0.161        0.021        0.125        0.000        0.041        0.000        
GPU-I 0   0.318        0.277        0.163        0.021        0.126        0.000        0.041        0.000        
GPU-I 0   0.333        0.286        0.168        0.021        0.131        0.000        0.042        0.000        
GPU-I 0   0.337        0.286        0.168        0.021        0.131        0.000        0.044        0.000        
GPU-I 0   0.341        0.286        0.168        0.021        0.137        0.000        0.046        0.000        
GPU-I 0   0.339        0.286        0.168        0.021        0.132        0.000        0.045        0.000        
GPU-I 0   0.340        0.286        0.168        0.021        0.135        0.000        0.046        0.000        
GPU-I 0   0.335        0.286        0.168        0.021        0.137        0.000        0.044        0.000        
GPU-I 0   0.321        0.271        0.159        0.020        0.126        0.000        0.042        0.000        
GPU-I 0   0.322        0.261        0.153        0.019        0.130        0.000        0.044        0.000        
#Entity   GRACT        SMACT        SMOCC        TENSO        DRAMA        FP64A        FP32A        FP16A        
ID                                                                                                                
GPU-I 0   0.333        0.276        0.162        0.020        0.132        0.000        0.044        0.000        
GPU-I 0   0.339        0.291        0.170        0.022        0.134        0.000        0.044        0.000        
GPU-I 0   0.340        0.296        0.174        0.022        0.136        0.000        0.044        0.000        
GPU-I 0   0.341        0.296        0.174        0.022        0.136        0.000        0.044        0.000        
GPU-I 0   0.341        0.296        0.174        0.022        0.136        0.000        0.044        0.000        
GPU-I 0   0.296        0.289        0.169        0.022        0.133        0.000        0.033        0.000        
GPU-I 0   0.273        0.227        0.134        0.017        0.110        0.000        0.036        0.000        
GPU-I 0   0.270        0.222        0.131        0.017        0.107        0.000        0.036        0.000        
GPU-I 0   0.262        0.224        0.131        0.017        0.107        0.000        0.033        0.000        
GPU-I 0   0.271        0.228        0.134        0.017        0.115        0.000        0.039        0.000        
GPU-I 0   0.277        0.236        0.138        0.018        0.115        0.000        0.033        0.000        
GPU-I 0   0.266        0.215        0.126        0.016        0.113        0.000        0.038        0.000        
GPU-I 0   0.264        0.225        0.133        0.016        0.105        0.000        0.033        0.000        
GPU-I 0   0.259        0.215        0.126        0.016        0.102        0.000        0.034        0.000        
#Entity   GRACT        SMACT        SMOCC        TENSO        DRAMA        FP64A        FP32A        FP16A        
ID                                                                                                                
GPU-I 0   0.261        0.221        0.131        0.016        0.104        0.000        0.033        0.000        
GPU-I 0   0.279        0.251        0.147        0.019        0.115        0.000        0.033        0.000        
GPU-I 0   0.267        0.215        0.126        0.016        0.114        0.000        0.039        0.000        
GPU-I 0   0.274        0.235        0.138        0.017        0.110        0.000        0.033        0.000        
GPU-I 0   0.272        0.234        0.137        0.017        0.108        0.000        0.035        0.000        
GPU-I 0   0.332        0.286        0.168        0.021        0.132        0.000        0.045        0.000        
GPU-I 0   0.320        0.277        0.162        0.021        0.127        0.000        0.039        0.000        
GPU-I 0   0.317        0.269        0.158        0.020        0.130        0.000        0.044        0.000        
GPU-I 0   0.271        0.232        0.137        0.017        0.108        0.000        0.033        0.000        
GPU-I 0   0.276        0.242        0.141        0.019        0.110        0.000        0.035        0.000        
GPU-I 0   0.332        0.284        0.167        0.021        0.132        0.000        0.041        0.000        
GPU-I 0   0.343        0.286        0.168        0.021        0.136        0.000        0.046        0.000        
GPU-I 0   0.332        0.286        0.168        0.021        0.131        0.000        0.042        0.000        
GPU-I 0   0.324        0.270        0.158        0.020        0.128        0.000        0.042        0.000        
#Entity   GRACT        SMACT        SMOCC        TENSO        DRAMA        FP64A        FP32A        FP16A        
ID                                                                                                                
GPU-I 0   0.328        0.270        0.158        0.020        0.131        0.000        0.041        0.000        
GPU-I 0   0.334        0.279        0.163        0.021        0.132        0.000        0.043        0.000        
GPU-I 0   0.337        0.283        0.166        0.021        0.132        0.000        0.044        0.000        
GPU-I 0   0.315        0.281        0.164        0.021        0.129        0.000        0.044        0.000        
GPU-I 0   0.316        0.251        0.147        0.019        0.131        0.000        0.037        0.000        
GPU-I 0   0.330        0.280        0.165        0.021        0.129        0.000        0.042        0.000        
GPU-I 0   0.337        0.286        0.168        0.021        0.131        0.000        0.043        0.000        
GPU-I 0   0.336        0.274        0.161        0.021        0.131        0.000        0.045        0.000        
GPU-I 0   0.337        0.281        0.165        0.021        0.131        0.000        0.045        0.000        
GPU-I 0   0.343        0.297        0.175        0.022        0.137        0.000        0.044        0.000        
GPU-I 0   0.335        0.276        0.163        0.020        0.132        0.000        0.045        0.000        
GPU-I 0   0.343        0.295        0.173        0.022        0.135        0.000        0.045        0.000        
GPU-I 0   0.337        0.297        0.174        0.022        0.136        0.000        0.043        0.000        
GPU-I 0   0.331        0.262        0.154        0.019        0.132        0.000        0.045        0.000        
#Entity   GRACT        SMACT        SMOCC        TENSO        DRAMA        FP64A        FP32A        FP16A        
ID                                                                                                                
GPU-I 0   0.343        0.297        0.174        0.022        0.136        0.000        0.045        0.000        
GPU-I 0   0.338        0.295        0.173        0.022        0.135        0.000        0.044        0.000        
GPU-I 0   0.321        0.262        0.154        0.019        0.129        0.000        0.044        0.000        
GPU-I 0   0.339        0.281        0.165        0.021        0.132        0.000        0.045        0.000        
GPU-I 0   0.340        0.298        0.175        0.022        0.137        0.000        0.043        0.000        
GPU-I 0   0.334        0.275        0.161        0.020        0.132        0.000        0.045        0.000        
GPU-I 0   0.333        0.278        0.163        0.021        0.131        0.000        0.042        0.000        
GPU-I 0   0.266        0.161        0.094        0.012        0.132        0.000        0.045        0.000        
GPU-I 0   0.000        0.000        0.000        0.000        0.000        0.000        0.000        0.000        
1c-3g-40gb
#Entity   GRACT        SMACT        SMOCC        TENSO        DRAMA        FP64A        FP32A        FP16A        
ID                                                                                                                
GPU-I 0   0.000        0.000        0.000        0.000        0.000        0.000        0.000        0.000        
GPU-I 0   0.000        0.000        0.000        0.000        0.000        0.000        0.000        0.000        
GPU-I 0   0.000        0.000        0.000        0.000        0.000        0.000        0.000        0.000        
GPU-I 0   0.000        0.000        0.000        0.000        0.000        0.000        0.000        0.000        
GPU-I 0   0.000        0.000        0.000        0.000        0.000        0.000        0.000        0.000        
GPU-I 0   0.000        0.000        0.000        0.000        0.000        0.000        0.000        0.000        
GPU-I 0   0.000        0.000        0.000        0.000        0.000        0.000        0.000        0.000        
GPU-I 0   0.000        0.000        0.000        0.000        0.000        0.000        0.000        0.000        
GPU-I 0   0.000        0.000        0.000        0.000        0.000        0.000        0.000        0.000        
GPU-I 0   0.000        0.000        0.000        0.000        0.000        0.000        0.000        0.000        
GPU-I 0   0.013        0.000        0.000        0.000        0.001        0.000        0.000        0.000        
GPU-I 0   0.006        0.000        0.000        0.000        0.000        0.000        0.000        0.000        
GPU-I 0   0.139        0.016        0.010        0.001        0.083        0.000        0.000        0.000        
GPU-I 0   0.320        0.271        0.156        0.021        0.105        0.000        0.045        0.000        
GPU-I 0   0.323        0.303        0.174        0.025        0.111        0.000        0.046        0.000        
#Entity   GRACT        SMACT        SMOCC        TENSO        DRAMA        FP64A        FP32A        FP16A        
ID                                                                                                                
GPU-I 0   0.316        0.280        0.163        0.021        0.103        0.000        0.046        0.000        
GPU-I 0   0.311        0.271        0.156        0.021        0.100        0.000        0.046        0.000        
GPU-I 0   0.311        0.271        0.156        0.021        0.100        0.000        0.046        0.000        
GPU-I 0   0.309        0.271        0.156        0.021        0.099        0.000        0.045        0.000        
GPU-I 0   0.315        0.288        0.166        0.023        0.104        0.000        0.043        0.000        
GPU-I 0   0.318        0.288        0.166        0.023        0.106        0.000        0.046        0.000        
GPU-I 0   0.319        0.291        0.167        0.023        0.107        0.000        0.046        0.000        
GPU-I 0   0.321        0.271        0.156        0.021        0.104        0.000        0.046        0.000        
GPU-I 0   0.323        0.271        0.156        0.021        0.104        0.000        0.046        0.000        
GPU-I 0   0.322        0.271        0.156        0.021        0.104        0.000        0.046        0.000        
GPU-I 0   0.319        0.271        0.156        0.021        0.108        0.000        0.046        0.000        
GPU-I 0   0.316        0.282        0.163        0.021        0.102        0.000        0.046        0.000        
GPU-I 0   0.307        0.260        0.149        0.020        0.099        0.000        0.045        0.000        
GPU-I 0   0.309        0.264        0.152        0.021        0.101        0.000        0.045        0.000        
#Entity   GRACT        SMACT        SMOCC        TENSO        DRAMA        FP64A        FP32A        FP16A        
ID                                                                                                                
GPU-I 0   0.317        0.282        0.162        0.022        0.103        0.000        0.045        0.000        
GPU-I 0   0.316        0.282        0.162        0.022        0.103        0.000        0.045        0.000        
GPU-I 0   0.317        0.282        0.163        0.022        0.103        0.000        0.047        0.000        
GPU-I 0   0.307        0.260        0.149        0.021        0.099        0.000        0.045        0.000        
GPU-I 0   0.347        0.301        0.174        0.023        0.117        0.000        0.053        0.000        
GPU-I 0   0.417        0.373        0.215        0.030        0.135        0.000        0.059        0.000        
GPU-I 0   0.418        0.376        0.217        0.030        0.137        0.000        0.059        0.000        
GPU-I 0   0.416        0.368        0.212        0.030        0.133        0.000        0.059        0.000        
GPU-I 0   0.416        0.367        0.211        0.030        0.133        0.000        0.059        0.000        
GPU-I 0   0.414        0.366        0.211        0.029        0.137        0.000        0.059        0.000        
GPU-I 0   0.405        0.362        0.208        0.028        0.132        0.000        0.057        0.000        
GPU-I 0   0.386        0.316        0.182        0.025        0.130        0.000        0.059        0.000        
GPU-I 0   0.373        0.349        0.200        0.028        0.128        0.000        0.056        0.000        
GPU-I 0   0.401        0.360        0.207        0.028        0.131        0.000        0.056        0.000        
#Entity   GRACT        SMACT        SMOCC        TENSO        DRAMA        FP64A        FP32A        FP16A        
ID                                                                                                                
GPU-I 0   0.410        0.362        0.208        0.028        0.132        0.000        0.059        0.000        
GPU-I 0   0.407        0.362        0.208        0.028        0.132        0.000        0.060        0.000        
GPU-I 0   0.420        0.362        0.208        0.028        0.137        0.000        0.060        0.000        
GPU-I 0   0.387        0.319        0.184        0.025        0.134        0.000        0.057        0.000        
GPU-I 0   0.404        0.353        0.203        0.028        0.132        0.000        0.060        0.000        
GPU-I 0   0.393        0.343        0.198        0.027        0.125        0.000        0.055        0.000        
GPU-I 0   0.398        0.354        0.202        0.028        0.129        0.000        0.055        0.000        
GPU-I 0   0.394        0.343        0.198        0.027        0.129        0.000        0.058        0.000        
GPU-I 0   0.394        0.347        0.201        0.026        0.127        0.000        0.056        0.000        
GPU-I 0   0.412        0.359        0.206        0.028        0.132        0.000        0.058        0.000        
GPU-I 0   0.419        0.362        0.209        0.028        0.135        0.000        0.061        0.000        
GPU-I 0   0.421        0.362        0.209        0.028        0.137        0.000        0.062        0.000        
GPU-I 0   0.421        0.362        0.209        0.028        0.137        0.000        0.062        0.000        
GPU-I 0   0.412        0.356        0.204        0.028        0.132        0.000        0.058        0.000        
#Entity   GRACT        SMACT        SMOCC        TENSO        DRAMA        FP64A        FP32A        FP16A        
ID                                                                                                                
GPU-I 0   0.416        0.362        0.209        0.028        0.132        0.000        0.060        0.000        
GPU-I 0   0.420        0.362        0.209        0.028        0.137        0.000        0.062        0.000        
GPU-I 0   0.420        0.362        0.208        0.028        0.137        0.000        0.062        0.000        
GPU-I 0   0.419        0.362        0.208        0.028        0.135        0.000        0.061        0.000        
GPU-I 0   0.411        0.342        0.196        0.027        0.137        0.000        0.062        0.000        
GPU-I 0   0.404        0.343        0.197        0.027        0.130        0.000        0.059        0.000        
GPU-I 0   0.413        0.350        0.201        0.028        0.132        0.000        0.059        0.000        
GPU-I 0   0.416        0.362        0.208        0.028        0.132        0.000        0.060        0.000        
GPU-I 0   0.410        0.358        0.206        0.028        0.132        0.000        0.057        0.000        
GPU-I 0   0.412        0.350        0.203        0.027        0.132        0.000        0.059        0.000        
GPU-I 0   0.388        0.338        0.195        0.026        0.124        0.000        0.056        0.000        
GPU-I 0   0.389        0.330        0.190        0.026        0.125        0.000        0.057        0.000        
GPU-I 0   0.401        0.336        0.194        0.026        0.131        0.000        0.059        0.000        
GPU-I 0   0.394        0.347        0.200        0.027        0.128        0.000        0.056        0.000        
#Entity   GRACT        SMACT        SMOCC        TENSO        DRAMA        FP64A        FP32A        FP16A        
ID                                                                                                                
GPU-I 0   0.377        0.330        0.190        0.026        0.124        0.000        0.053        0.000        
GPU-I 0   0.400        0.332        0.191        0.026        0.130        0.000        0.058        0.000        
GPU-I 0   0.381        0.329        0.189        0.026        0.123        0.000        0.056        0.000        
GPU-I 0   0.397        0.333        0.191        0.026        0.126        0.000        0.056        0.000        
GPU-I 0   0.376        0.350        0.200        0.028        0.127        0.000        0.052        0.000        
GPU-I 0   0.385        0.348        0.201        0.027        0.128        0.000        0.052        0.000        
GPU-I 0   0.379        0.317        0.182        0.025        0.130        0.000        0.055        0.000        
GPU-I 0   0.385        0.343        0.198        0.027        0.124        0.000        0.052        0.000        
GPU-I 0   0.396        0.362        0.208        0.028        0.132        0.000        0.053        0.000        
GPU-I 0   0.384        0.330        0.191        0.025        0.126        0.000        0.056        0.000        
GPU-I 0   0.021        0.000        0.000        0.000        0.024        0.000        0.000        0.000        
1c-2g-20gb
#Entity   GRACT        SMACT        SMOCC        TENSO        DRAMA        FP64A        FP32A        FP16A        
ID                                                                                                                
GPU-I 0   0.000        0.000        0.000        0.000        0.000        0.000        0.000        0.000        
GPU-I 0   0.000        0.000        0.000        0.000        0.000        0.000        0.000        0.000        
GPU-I 0   0.000        0.000        0.000        0.000        0.000        0.000        0.000        0.000        
GPU-I 0   0.000        0.000        0.000        0.000        0.000        0.000        0.000        0.000        
GPU-I 0   0.000        0.000        0.000        0.000        0.000        0.000        0.000        0.000        
GPU-I 0   0.000        0.000        0.000        0.000        0.000        0.000        0.000        0.000        
GPU-I 0   0.000        0.000        0.000        0.000        0.000        0.000        0.000        0.000        
GPU-I 0   0.000        0.000        0.000        0.000        0.000        0.000        0.000        0.000        
GPU-I 0   0.000        0.000        0.000        0.000        0.000        0.000        0.000        0.000        
GPU-I 0   0.015        0.000        0.000        0.000        0.001        0.000        0.000        0.000        
GPU-I 0   0.011        0.000        0.000        0.000        0.001        0.000        0.000        0.000        
GPU-I 0   0.007        0.000        0.000        0.000        0.001        0.000        0.000        0.000        
GPU-I 0   0.257        0.149        0.092        0.011        0.190        0.000        0.005        0.000        
GPU-I 0   0.416        0.402        0.246        0.030        0.200        0.000        0.056        0.000        
GPU-I 0   0.475        0.444        0.273        0.032        0.226        0.000        0.058        0.000        
#Entity   GRACT        SMACT        SMOCC        TENSO        DRAMA        FP64A        FP32A        FP16A        
ID                                                                                                                
GPU-I 0   0.486        0.450        0.277        0.032        0.223        0.000        0.067        0.000        
GPU-I 0   0.496        0.448        0.275        0.032        0.231        0.000        0.070        0.000        
GPU-I 0   0.484        0.448        0.275        0.032        0.223        0.000        0.065        0.000        
GPU-I 0   0.491        0.447        0.275        0.032        0.231        0.000        0.070        0.000        
GPU-I 0   0.480        0.442        0.272        0.031        0.220        0.000        0.064        0.000        
GPU-I 0   0.486        0.446        0.274        0.032        0.223        0.000        0.065        0.000        
GPU-I 0   0.494        0.448        0.275        0.032        0.231        0.000        0.070        0.000        
GPU-I 0   0.483        0.447        0.275        0.032        0.223        0.000        0.066        0.000        
GPU-I 0   0.474        0.441        0.272        0.031        0.220        0.000        0.063        0.000        
GPU-I 0   0.474        0.434        0.267        0.031        0.223        0.000        0.063        0.000        
GPU-I 0   0.491        0.448        0.275        0.032        0.230        0.000        0.068        0.000        
GPU-I 0   0.400        0.345        0.211        0.025        0.185        0.000        0.056        0.000        
GPU-I 0   0.493        0.464        0.285        0.033        0.230        0.000        0.067        0.000        
GPU-I 0   0.482        0.425        0.262        0.029        0.223        0.000        0.067        0.000        
#Entity   GRACT        SMACT        SMOCC        TENSO        DRAMA        FP64A        FP32A        FP16A        
ID                                                                                                                
GPU-I 0   0.448        0.464        0.285        0.033        0.230        0.000        0.060        0.000        
GPU-I 0   0.472        0.388        0.238        0.028        0.223        0.000        0.067        0.000        
GPU-I 0   0.493        0.464        0.285        0.033        0.230        0.000        0.067        0.000        
GPU-I 0   0.480        0.426        0.263        0.030        0.221        0.000        0.066        0.000        
GPU-I 0   0.492        0.458        0.281        0.033        0.227        0.000        0.067        0.000        
GPU-I 0   0.511        0.467        0.287        0.034        0.240        0.000        0.073        0.000        
GPU-I 0   0.516        0.468        0.288        0.034        0.239        0.000        0.072        0.000        
GPU-I 0   0.506        0.465        0.286        0.033        0.240        0.000        0.068        0.000        
GPU-I 0   0.518        0.476        0.291        0.035        0.242        0.000        0.067        0.000        
GPU-I 0   0.506        0.474        0.292        0.033        0.235        0.000        0.070        0.000        
GPU-I 0   0.504        0.448        0.275        0.032        0.240        0.000        0.072        0.000        
GPU-I 0   0.519        0.490        0.301        0.036        0.245        0.000        0.067        0.000        
GPU-I 0   0.412        0.373        0.229        0.027        0.193        0.000        0.056        0.000        
GPU-I 0   0.423        0.376        0.231        0.027        0.204        0.000        0.062        0.000        
#Entity   GRACT        SMACT        SMOCC        TENSO        DRAMA        FP64A        FP32A        FP16A        
ID                                                                                                                
GPU-I 0   0.517        0.474        0.292        0.033        0.238        0.000        0.072        0.000        
GPU-I 0   0.516        0.489        0.301        0.035        0.241        0.000        0.067        0.000        
GPU-I 0   0.518        0.471        0.290        0.033        0.242        0.000        0.072        0.000        
GPU-I 0   0.516        0.477        0.293        0.034        0.236        0.000        0.069        0.000        
GPU-I 0   0.510        0.455        0.280        0.032        0.243        0.000        0.073        0.000        
GPU-I 0   0.523        0.491        0.302        0.035        0.242        0.000        0.067        0.000        
GPU-I 0   0.522        0.448        0.275        0.032        0.244        0.000        0.073        0.000        
GPU-I 0   0.512        0.491        0.302        0.035        0.242        0.000        0.067        0.000        
GPU-I 0   0.520        0.448        0.275        0.032        0.241        0.000        0.072        0.000        
GPU-I 0   0.511        0.494        0.301        0.037        0.243        0.000        0.070        0.000        
GPU-I 0   0.520        0.448        0.275        0.032        0.240        0.000        0.072        0.000        
GPU-I 0   0.517        0.496        0.304        0.036        0.244        0.000        0.070        0.000        
GPU-I 0   0.521        0.448        0.275        0.032        0.243        0.000        0.070        0.000        
GPU-I 0   0.509        0.498        0.305        0.037        0.248        0.000        0.070        0.000        
#Entity   GRACT        SMACT        SMOCC        TENSO        DRAMA        FP64A        FP32A        FP16A        
ID                                                                                                                
GPU-I 0   0.523        0.454        0.280        0.032        0.244        0.000        0.071        0.000        
GPU-I 0   0.516        0.448        0.275        0.032        0.240        0.000        0.070        0.000        
GPU-I 0   0.505        0.484        0.296        0.036        0.240        0.000        0.070        0.000        
GPU-I 0   0.525        0.448        0.275        0.032        0.244        0.000        0.071        0.000        
GPU-I 0   0.515        0.450        0.276        0.032        0.238        0.000        0.070        0.000        
GPU-I 0   0.520        0.488        0.298        0.037        0.243        0.000        0.071        0.000        
GPU-I 0   0.521        0.468        0.288        0.033        0.242        0.000        0.074        0.000        
GPU-I 0   0.514        0.462        0.283        0.034        0.238        0.000        0.072        0.000        
GPU-I 0   0.514        0.465        0.286        0.033        0.242        0.000        0.070        0.000        
GPU-I 0   0.507        0.471        0.288        0.034        0.234        0.000        0.072        0.000        
GPU-I 0   0.516        0.431        0.267        0.029        0.247        0.000        0.074        0.000        
GPU-I 0   0.509        0.468        0.288        0.034        0.240        0.000        0.068        0.000        
GPU-I 0   0.528        0.480        0.295        0.034        0.246        0.000        0.074        0.000        
GPU-I 0   0.508        0.467        0.287        0.034        0.240        0.000        0.068        0.000        
#Entity   GRACT        SMACT        SMOCC        TENSO        DRAMA        FP64A        FP32A        FP16A        
ID                                                                                                                
GPU-I 0   0.519        0.478        0.294        0.034        0.240        0.000        0.073        0.000        
GPU-I 0   0.521        0.461        0.282        0.034        0.246        0.000        0.073        0.000        
GPU-I 0   0.509        0.467        0.287        0.034        0.247        0.000        0.067        0.000        
GPU-I 0   0.524        0.476        0.292        0.035        0.245        0.000        0.073        0.000        
GPU-I 0   0.526        0.482        0.295        0.035        0.245        0.000        0.067        0.000        
GPU-I 0   0.504        0.455        0.280        0.032        0.240        0.000        0.072        0.000        
GPU-I 0   0.503        0.458        0.281        0.033        0.234        0.000        0.067        0.000        
GPU-I 0   0.520        0.492        0.302        0.036        0.242        0.000        0.067        0.000        
GPU-I 0   0.508        0.448        0.275        0.032        0.247        0.000        0.073        0.000        
GPU-I 0   0.523        0.493        0.301        0.037        0.245        0.000        0.067        0.000        
GPU-I 0   0.507        0.460        0.283        0.033        0.234        0.000        0.072        0.000        
GPU-I 0   0.510        0.471        0.289        0.034        0.232        0.000        0.069        0.000        
GPU-I 0   0.504        0.463        0.283        0.034        0.231        0.000        0.067        0.000        
GPU-I 0   0.510        0.477        0.291        0.035        0.237        0.000        0.067        0.000        
#Entity   GRACT        SMACT        SMOCC        TENSO        DRAMA        FP64A        FP32A        FP16A        
ID                                                                                                                
GPU-I 0   0.511        0.475        0.291        0.036        0.237        0.000        0.067        0.000        
GPU-I 0   0.517        0.486        0.297        0.037        0.241        0.000        0.067        0.000        
GPU-I 0   0.503        0.467        0.288        0.032        0.234        0.000        0.067        0.000        
GPU-I 0   0.501        0.476        0.291        0.034        0.237        0.000        0.067        0.000        
GPU-I 0   0.505        0.448        0.275        0.032        0.231        0.000        0.070        0.000        
GPU-I 0   0.505        0.448        0.275        0.032        0.234        0.000        0.069        0.000        
GPU-I 0   0.490        0.448        0.275        0.032        0.223        0.000        0.067        0.000        
GPU-I 0   0.494        0.466        0.286        0.034        0.231        0.000        0.066        0.000        
GPU-I 0   0.157        0.109        0.066        0.007        0.230        0.000        0.070        0.000        
GPU-I 0   0.000        0.000        0.000        0.000        0.001        0.000        0.000        0.000        
1c-1g-10gb
#Entity   GRACT        SMACT        SMOCC        TENSO        DRAMA        FP64A        FP32A        FP16A        
ID                                                                                                                
GPU-I 0   0.000        0.000        0.000        0.000        0.000        0.000        0.000        0.000        
GPU-I 0   0.000        0.000        0.000        0.000        0.000        0.000        0.000        0.000        
GPU-I 0   0.000        0.000        0.000        0.000        0.000        0.000        0.000        0.000        
GPU-I 0   0.000        0.000        0.000        0.000        0.000        0.000        0.000        0.000        
GPU-I 0   0.000        0.000        0.000        0.000        0.000        0.000        0.000        0.000        
GPU-I 0   0.000        0.000        0.000        0.000        0.000        0.000        0.000        0.000        
GPU-I 0   0.000        0.000        0.000        0.000        0.000        0.000        0.000        0.000        
GPU-I 0   0.000        0.000        0.000        0.000        0.000        0.000        0.000        0.000        
GPU-I 0   0.000        0.000        0.000        0.000        0.000        0.000        0.000        0.000        
GPU-I 0   0.009        0.000        0.000        0.000        0.003        0.000        0.000        0.000        
GPU-I 0   0.010        0.000        0.000        0.000        0.002        0.000        0.000        0.000        
GPU-I 0   0.006        0.000        0.000        0.000        0.002        0.000        0.000        0.000        
GPU-I 0   0.285        0.508        0.321        0.039        0.260        0.000        0.011        0.000        
GPU-I 0   0.606        0.562        0.357        0.041        0.313        0.000        0.079        0.000        
GPU-I 0   0.613        0.595        0.377        0.043        0.317        0.000        0.089        0.000        
#Entity   GRACT        SMACT        SMOCC        TENSO        DRAMA        FP64A        FP32A        FP16A        
ID                                                                                                                
GPU-I 0   0.572        0.555        0.355        0.036        0.284        0.000        0.081        0.000        
GPU-I 0   0.633        0.614        0.391        0.043        0.317        0.000        0.083        0.000        
GPU-I 0   0.585        0.553        0.351        0.039        0.304        0.000        0.084        0.000        
GPU-I 0   0.599        0.572        0.363        0.042        0.304        0.000        0.079        0.000        
GPU-I 0   0.619        0.593        0.375        0.043        0.329        0.000        0.093        0.000        
GPU-I 0   0.573        0.555        0.355        0.036        0.284        0.000        0.081        0.000        
GPU-I 0   0.632        0.613        0.391        0.043        0.317        0.000        0.082        0.000        
GPU-I 0   0.586        0.553        0.350        0.040        0.307        0.000        0.085        0.000        
GPU-I 0   0.596        0.569        0.361        0.042        0.302        0.000        0.080        0.000        
GPU-I 0   0.611        0.584        0.368        0.043        0.325        0.000        0.091        0.000        
GPU-I 0   0.571        0.555        0.357        0.036        0.284        0.000        0.083        0.000        
GPU-I 0   0.620        0.614        0.391        0.043        0.317        0.000        0.085        0.000        
GPU-I 0   0.577        0.563        0.357        0.041        0.295        0.000        0.082        0.000        
GPU-I 0   0.609        0.547        0.350        0.037        0.309        0.000        0.087        0.000        
#Entity   GRACT        SMACT        SMOCC        TENSO        DRAMA        FP64A        FP32A        FP16A        
ID                                                                                                                
GPU-I 0   0.582        0.620        0.393        0.045        0.320        0.000        0.079        0.000        
GPU-I 0   0.619        0.546        0.349        0.037        0.317        0.000        0.089        0.000        
GPU-I 0   0.584        0.589        0.373        0.043        0.308        0.000        0.081        0.000        
GPU-I 0   0.564        0.535        0.342        0.036        0.301        0.000        0.078        0.000        
GPU-I 0   0.573        0.536        0.342        0.036        0.300        0.000        0.080        0.000        
GPU-I 0   0.604        0.515        0.331        0.034        0.315        0.000        0.089        0.000        
GPU-I 0   0.571        0.542        0.345        0.038        0.286        0.000        0.079        0.000        
GPU-I 0   0.576        0.619        0.392        0.045        0.320        0.000        0.079        0.000        
GPU-I 0   0.599        0.565        0.361        0.040        0.317        0.000        0.081        0.000        
GPU-I 0   0.598        0.506        0.324        0.034        0.316        0.000        0.089        0.000        
GPU-I 0   0.592        0.578        0.366        0.042        0.304        0.000        0.077        0.000        
GPU-I 0   0.569        0.519        0.335        0.033        0.309        0.000        0.081        0.000        
GPU-I 0   0.600        0.562        0.356        0.041        0.317        0.000        0.089        0.000        
GPU-I 0   0.598        0.614        0.391        0.043        0.316        0.000        0.079        0.000        
#Entity   GRACT        SMACT        SMOCC        TENSO        DRAMA        FP64A        FP32A        FP16A        
ID                                                                                                                
GPU-I 0   0.567        0.547        0.350        0.039        0.294        0.000        0.079        0.000        
GPU-I 0   0.583        0.526        0.337        0.035        0.317        0.000        0.081        0.000        
GPU-I 0   0.606        0.587        0.370        0.043        0.314        0.000        0.087        0.000        
GPU-I 0   0.580        0.584        0.372        0.043        0.299        0.000        0.077        0.000        
GPU-I 0   0.564        0.526        0.336        0.036        0.308        0.000        0.080        0.000        
GPU-I 0   0.590        0.541        0.342        0.039        0.307        0.000        0.087        0.000        
GPU-I 0   0.604        0.610        0.389        0.043        0.314        0.000        0.081        0.000        
GPU-I 0   0.570        0.559        0.355        0.041        0.287        0.000        0.078        0.000        
GPU-I 0   0.578        0.526        0.340        0.033        0.320        0.000        0.081        0.000        
GPU-I 0   0.573        0.567        0.359        0.041        0.317        0.000        0.089        0.000        
GPU-I 0   0.604        0.564        0.358        0.041        0.317        0.000        0.078        0.000        
GPU-I 0   0.567        0.524        0.337        0.033        0.294        0.000        0.083        0.000        
GPU-I 0   0.579        0.556        0.354        0.040        0.315        0.000        0.089        0.000        
GPU-I 0   0.602        0.614        0.391        0.043        0.317        0.000        0.079        0.000        
#Entity   GRACT        SMACT        SMOCC        TENSO        DRAMA        FP64A        FP32A        FP16A        
ID                                                                                                                
GPU-I 0   0.591        0.552        0.352        0.039        0.310        0.000        0.076        0.000        
GPU-I 0   0.568        0.522        0.336        0.033        0.292        0.000        0.083        0.000        
GPU-I 0   0.573        0.543        0.344        0.040        0.313        0.000        0.089        0.000        
GPU-I 0   0.596        0.610        0.389        0.043        0.314        0.000        0.080        0.000        
GPU-I 0   0.600        0.569        0.361        0.042        0.317        0.000        0.074        0.000        
GPU-I 0   0.570        0.522        0.336        0.034        0.289        0.000        0.083        0.000        
GPU-I 0   0.574        0.541        0.343        0.039        0.319        0.000        0.090        0.000        
GPU-I 0   0.593        0.604        0.384        0.043        0.310        0.000        0.080        0.000        
GPU-I 0   0.587        0.581        0.369        0.043        0.313        0.000        0.076        0.000        
GPU-I 0   0.590        0.518        0.334        0.033        0.308        0.000        0.087        0.000        
GPU-I 0   0.570        0.557        0.353        0.040        0.292        0.000        0.079        0.000        
GPU-I 0   0.562        0.597        0.377        0.044        0.312        0.000        0.076        0.000        
GPU-I 0   0.570        0.608        0.387        0.045        0.311        0.000        0.078        0.000        
GPU-I 0   0.579        0.569        0.364        0.040        0.308        0.000        0.080        0.000        
#Entity   GRACT        SMACT        SMOCC        TENSO        DRAMA        FP64A        FP32A        FP16A        
ID                                                                                                                
GPU-I 0   0.594        0.526        0.337        0.036        0.308        0.000        0.084        0.000        
GPU-I 0   0.596        0.495        0.316        0.034        0.317        0.000        0.089        0.000        
GPU-I 0   0.578        0.537        0.343        0.037        0.295        0.000        0.080        0.000        
GPU-I 0   0.566        0.581        0.369        0.042        0.303        0.000        0.077        0.000        
GPU-I 0   0.568        0.611        0.387        0.045        0.310        0.000        0.076        0.000        
GPU-I 0   0.574        0.579        0.368        0.042        0.303        0.000        0.079        0.000        
GPU-I 0   0.591        0.537        0.343        0.037        0.317        0.000        0.081        0.000        
GPU-I 0   0.562        0.509        0.325        0.035        0.303        0.000        0.085        0.000        
GPU-I 0   0.599        0.600        0.381        0.043        0.309        0.000        0.080        0.000        
GPU-I 0   0.586        0.594        0.377        0.043        0.304        0.000        0.076        0.000        
GPU-I 0   0.570        0.554        0.353        0.040        0.299        0.000        0.075        0.000        
GPU-I 0   0.565        0.515        0.328        0.034        0.319        0.000        0.079        0.000        
GPU-I 0   0.572        0.515        0.329        0.035        0.300        0.000        0.084        0.000        
GPU-I 0   0.590        0.551        0.349        0.040        0.316        0.000        0.089        0.000        
#Entity   GRACT        SMACT        SMOCC        TENSO        DRAMA        FP64A        FP32A        FP16A        
ID                                                                                                                
GPU-I 0   0.594        0.597        0.378        0.043        0.308        0.000        0.080        0.000        
GPU-I 0   0.588        0.598        0.379        0.043        0.305        0.000        0.077        0.000        
GPU-I 0   0.569        0.551        0.352        0.039        0.297        0.000        0.076        0.000        
GPU-I 0   0.566        0.515        0.330        0.034        0.319        0.000        0.080        0.000        
GPU-I 0   0.572        0.515        0.329        0.035        0.299        0.000        0.084        0.000        
GPU-I 0   0.591        0.552        0.349        0.040        0.317        0.000        0.090        0.000        
GPU-I 0   0.576        0.596        0.377        0.043        0.308        0.000        0.080        0.000        
GPU-I 0   0.601        0.558        0.354        0.040        0.317        0.000        0.076        0.000        
GPU-I 0   0.580        0.523        0.334        0.036        0.298        0.000        0.080        0.000        
GPU-I 0   0.566        0.514        0.330        0.033        0.303        0.000        0.084        0.000        
GPU-I 0   0.569        0.540        0.342        0.039        0.311        0.000        0.088        0.000        
GPU-I 0   0.574        0.581        0.366        0.043        0.303        0.000        0.081        0.000        
GPU-I 0   0.592        0.615        0.391        0.043        0.316        0.000        0.079        0.000        
GPU-I 0   0.595        0.572        0.363        0.042        0.310        0.000        0.072        0.000        
#Entity   GRACT        SMACT        SMOCC        TENSO        DRAMA        FP64A        FP32A        FP16A        
ID                                                                                                                
GPU-I 0   0.583        0.529        0.339        0.036        0.299        0.000        0.080        0.000        
GPU-I 0   0.567        0.516        0.332        0.033        0.301        0.000        0.084        0.000        
GPU-I 0   0.569        0.540        0.342        0.039        0.312        0.000        0.088        0.000        
GPU-I 0   0.578        0.586        0.369        0.043        0.307        0.000        0.081        0.000        
GPU-I 0   0.593        0.612        0.390        0.043        0.315        0.000        0.079        0.000        
GPU-I 0   0.582        0.569        0.361        0.042        0.313        0.000        0.077        0.000        
GPU-I 0   0.598        0.516        0.333        0.033        0.316        0.000        0.089        0.000        
GPU-I 0   0.573        0.549        0.348        0.039        0.289        0.000        0.079        0.000        
GPU-I 0   0.562        0.598        0.378        0.044        0.313        0.000        0.076        0.000        
GPU-I 0   0.572        0.603        0.382        0.045        0.307        0.000        0.079        0.000        
GPU-I 0   0.585        0.560        0.358        0.039        0.309        0.000        0.080        0.000        
GPU-I 0   0.593        0.515        0.332        0.034        0.304        0.000        0.086        0.000        
GPU-I 0   0.596        0.502        0.321        0.034        0.317        0.000        0.090        0.000        
GPU-I 0   0.574        0.544        0.345        0.038        0.289        0.000        0.079        0.000        
#Entity   GRACT        SMACT        SMOCC        TENSO        DRAMA        FP64A        FP32A        FP16A        
ID                                                                                                                
GPU-I 0   0.563        0.590        0.373        0.043        0.309        0.000        0.076        0.000        
GPU-I 0   0.572        0.611        0.388        0.045        0.311        0.000        0.079        0.000        
GPU-I 0   0.581        0.566        0.362        0.040        0.308        0.000        0.080        0.000        
GPU-I 0   0.593        0.524        0.336        0.036        0.308        0.000        0.084        0.000        
GPU-I 0   0.586        0.523        0.332        0.037        0.317        0.000        0.090        0.000        
GPU-I 0   0.597        0.615        0.391        0.043        0.317        0.000        0.078        0.000        
GPU-I 0   0.574        0.571        0.363        0.042        0.290        0.000        0.076        0.000        
GPU-I 0   0.563        0.528        0.339        0.036        0.308        0.000        0.079        0.000        
GPU-I 0   0.571        0.515        0.333        0.033        0.311        0.000        0.081        0.000        
GPU-I 0   0.578        0.527        0.334        0.037        0.307        0.000        0.087        0.000        
GPU-I 0   0.593        0.566        0.358        0.041        0.313        0.000        0.087        0.000        
GPU-I 0   0.593        0.606        0.386        0.043        0.311        0.000        0.079        0.000        
GPU-I 0   0.584        0.591        0.375        0.043        0.302        0.000        0.076        0.000        
GPU-I 0   0.568        0.547        0.350        0.038        0.300        0.000        0.078        0.000        
#Entity   GRACT        SMACT        SMOCC        TENSO        DRAMA        FP64A        FP32A        FP16A        
ID                                                                                                                
GPU-I 0   0.567        0.515        0.331        0.034        0.316        0.000        0.080        0.000        
GPU-I 0   0.571        0.514        0.329        0.035        0.300        0.000        0.084        0.000        
GPU-I 0   0.587        0.547        0.346        0.040        0.314        0.000        0.089        0.000        
GPU-I 0   0.570        0.587        0.370        0.043        0.307        0.000        0.082        0.000        
GPU-I 0   0.598        0.570        0.361        0.042        0.310        0.000        0.077        0.000        
GPU-I 0   0.584        0.530        0.340        0.036        0.301        0.000        0.080        0.000        
GPU-I 0   0.568        0.515        0.332        0.033        0.300        0.000        0.084        0.000        
GPU-I 0   0.567        0.532        0.337        0.038        0.317        0.000        0.088        0.000        
GPU-I 0   0.571        0.571        0.361        0.042        0.298        0.000        0.083        0.000        
GPU-I 0   0.588        0.612        0.390        0.043        0.315        0.000        0.079        0.000        
GPU-I 0   0.593        0.587        0.373        0.043        0.307        0.000        0.072        0.000        
GPU-I 0   0.594        0.547        0.350        0.038        0.314        0.000        0.078        0.000        
GPU-I 0   0.573        0.514        0.330        0.034        0.289        0.000        0.083        0.000        
GPU-I 0   0.562        0.514        0.328        0.035        0.310        0.000        0.088        0.000        
#Entity   GRACT        SMACT        SMOCC        TENSO        DRAMA        FP64A        FP32A        FP16A        
ID                                                                                                                
GPU-I 0   0.571        0.553        0.350        0.040        0.311        0.000        0.084        0.000        
GPU-I 0   0.574        0.586        0.369        0.043        0.307        0.000        0.080        0.000        
GPU-I 0   0.564        0.614        0.391        0.043        0.316        0.000        0.079        0.000        
GPU-I 0   0.597        0.537        0.344        0.037        0.305        0.000        0.084        0.000        
GPU-I 0   0.596        0.499        0.318        0.034        0.317        0.000        0.090        0.000        
GPU-I 0   0.577        0.539        0.343        0.037        0.294        0.000        0.080        0.000        
GPU-I 0   0.448        0.583        0.370        0.043        0.305        0.000        0.045        0.000        
GPU-I 0   0.000        0.000        0.000        0.000        0.002        0.000        0.000        0.000        
