1c-7g-80gb
#Entity   GRACT        SMACT        SMOCC        TENSO        DRAMA        FP64A        FP32A        FP16A        
ID                                                                                                                
GPU-I 0   0.000        0.000        0.000        0.000        0.000        0.000        0.000        0.000        
GPU-I 0   0.000        0.000        0.000        0.000        0.000        0.000        0.000        0.000        
GPU-I 0   0.000        0.000        0.000        0.000        0.000        0.000        0.000        0.000        
GPU-I 0   0.000        0.000        0.000        0.000        0.000        0.000        0.000        0.000        
GPU-I 0   0.000        0.000        0.000        0.000        0.000        0.000        0.000        0.000        
GPU-I 0   0.000        0.000        0.000        0.000        0.000        0.000        0.000        0.000        
GPU-I 0   0.000        0.000        0.000        0.000        0.000        0.000        0.000        0.000        
GPU-I 0   0.000        0.000        0.000        0.000        0.000        0.000        0.000        0.000        
GPU-I 0   0.000        0.000        0.000        0.000        0.000        0.000        0.000        0.000        
GPU-I 0   0.017        0.000        0.000        0.000        0.001        0.000        0.000        0.000        
GPU-I 0   0.010        0.000        0.000        0.000        0.001        0.000        0.000        0.000        
GPU-I 0   0.532        0.758        0.267        0.017        0.127        0.000        0.268        0.000        
GPU-I 0   0.836        0.746        0.274        0.016        0.131        0.000        0.519        0.000        
GPU-I 0   0.830        0.717        0.253        0.015        0.129        0.000        0.516        0.000        
GPU-I 0   0.844        0.748        0.265        0.016        0.129        0.000        0.506        0.000        
#Entity   GRACT        SMACT        SMOCC        TENSO        DRAMA        FP64A        FP32A        FP16A        
ID                                                                                                                
GPU-I 0   0.836        0.708        0.248        0.015        0.132        0.000        0.532        0.000        
GPU-I 0   0.837        0.728        0.246        0.016        0.128        0.000        0.506        0.000        
GPU-I 0   0.844        0.754        0.261        0.016        0.131        0.000        0.507        0.000        
GPU-I 0   0.842        0.748        0.254        0.016        0.131        0.000        0.514        0.000        
GPU-I 0   0.842        0.746        0.268        0.016        0.133        0.000        0.506        0.000        
GPU-I 0   0.828        0.752        0.265        0.016        0.130        0.000        0.506        0.000        
GPU-I 0   0.840        0.745        0.265        0.016        0.140        0.000        0.509        0.000        
GPU-I 0   0.847        0.750        0.264        0.016        0.136        0.000        0.527        0.000        
GPU-I 0   0.838        0.756        0.282        0.015        0.131        0.000        0.515        0.000        
GPU-I 0   0.869        0.783        0.286        0.016        0.133        0.000        0.534        0.000        
GPU-I 0   0.849        0.767        0.277        0.017        0.131        0.000        0.543        0.000        
GPU-I 0   0.835        0.746        0.274        0.016        0.141        0.000        0.511        0.000        
GPU-I 0   0.866        0.782        0.291        0.016        0.135        0.000        0.547        0.000        
GPU-I 0   0.833        0.750        0.269        0.016        0.135        0.000        0.514        0.000        
#Entity   GRACT        SMACT        SMOCC        TENSO        DRAMA        FP64A        FP32A        FP16A        
ID                                                                                                                
GPU-I 0   0.109        0.383        0.125        0.008        0.065        0.000        0.000        0.000        
GPU-I 0   0.000        0.000        0.000        0.000        0.000        0.000        0.000        0.000        
GPU-I 0   0.000        0.000        0.000        0.000        0.000        0.000        0.000        0.000        
1c-4g-40gb
#Entity   GRACT        SMACT        SMOCC        TENSO        DRAMA        FP64A        FP32A        FP16A        
ID                                                                                                                
GPU-I 0   0.000        0.000        0.000        0.000        0.000        0.000        0.000        0.000        
GPU-I 0   0.000        0.000        0.000        0.000        0.000        0.000        0.000        0.000        
GPU-I 0   0.000        0.000        0.000        0.000        0.000        0.000        0.000        0.000        
GPU-I 0   0.000        0.000        0.000        0.000        0.000        0.000        0.000        0.000        
GPU-I 0   0.000        0.000        0.000        0.000        0.000        0.000        0.000        0.000        
GPU-I 0   0.000        0.000        0.000        0.000        0.000        0.000        0.000        0.000        
GPU-I 0   0.000        0.000        0.000        0.000        0.000        0.000        0.000        0.000        
GPU-I 0   0.000        0.000        0.000        0.000        0.000        0.000        0.000        0.000        
GPU-I 0   0.000        0.000        0.000        0.000        0.000        0.000        0.000        0.000        
GPU-I 0   0.014        0.000        0.000        0.000        0.001        0.000        0.000        0.000        
GPU-I 0   0.011        0.000        0.000        0.000        0.001        0.000        0.000        0.000        
GPU-I 0   0.461        0.852        0.333        0.018        0.195        0.000        0.000        0.000        
GPU-I 0   0.886        0.820        0.295        0.018        0.195        0.000        0.567        0.000        
GPU-I 0   0.892        0.851        0.310        0.017        0.194        0.000        0.571        0.000        
GPU-I 0   0.895        0.851        0.309        0.017        0.193        0.000        0.555        0.000        
#Entity   GRACT        SMACT        SMOCC        TENSO        DRAMA        FP64A        FP32A        FP16A        
ID                                                                                                                
GPU-I 0   0.878        0.812        0.308        0.018        0.188        0.000        0.565        0.000        
GPU-I 0   0.904        0.854        0.312        0.018        0.191        0.000        0.553        0.000        
GPU-I 0   0.898        0.814        0.317        0.018        0.195        0.000        0.559        0.000        
GPU-I 0   0.889        0.820        0.319        0.018        0.190        0.000        0.609        0.000        
GPU-I 0   0.892        0.814        0.303        0.019        0.190        0.000        0.596        0.000        
GPU-I 0   0.882        0.816        0.302        0.018        0.190        0.000        0.555        0.000        
GPU-I 0   0.908        0.823        0.311        0.018        0.202        0.000        0.602        0.000        
GPU-I 0   0.892        0.816        0.300        0.017        0.187        0.000        0.595        0.000        
GPU-I 0   0.906        0.838        0.309        0.018        0.195        0.000        0.551        0.000        
GPU-I 0   0.902        0.815        0.301        0.018        0.203        0.000        0.564        0.000        
GPU-I 0   0.887        0.823        0.299        0.018        0.192        0.000        0.587        0.000        
GPU-I 0   0.899        0.826        0.308        0.018        0.193        0.000        0.586        0.000        
GPU-I 0   0.891        0.835        0.319        0.017        0.199        0.000        0.573        0.000        
GPU-I 0   0.893        0.834        0.312        0.018        0.200        0.000        0.566        0.000        
#Entity   GRACT        SMACT        SMOCC        TENSO        DRAMA        FP64A        FP32A        FP16A        
ID                                                                                                                
GPU-I 0   0.897        0.807        0.311        0.017        0.193        0.000        0.591        0.000        
GPU-I 0   0.897        0.836        0.318        0.017        0.198        0.000        0.569        0.000        
GPU-I 0   0.887        0.810        0.308        0.017        0.195        0.000        0.559        0.000        
GPU-I 0   0.909        0.847        0.315        0.018        0.196        0.000        0.592        0.000        
GPU-I 0   0.897        0.837        0.312        0.017        0.194        0.000        0.601        0.000        
GPU-I 0   0.904        0.847        0.316        0.019        0.203        0.000        0.575        0.000        
GPU-I 0   0.894        0.856        0.324        0.019        0.198        0.000        0.550        0.000        
GPU-I 0   0.913        0.847        0.322        0.017        0.200        0.000        0.608        0.000        
GPU-I 0   0.910        0.844        0.311        0.019        0.203        0.000        0.581        0.000        
GPU-I 0   0.897        0.849        0.322        0.019        0.196        0.000        0.561        0.000        
GPU-I 0   0.257        0.825        0.308        0.019        0.194        0.000        0.000        0.000        
GPU-I 0   0.000        0.000        0.000        0.000        0.000        0.000        0.000        0.000        
GPU-I 0   0.000        0.000        0.000        0.000        0.000        0.000        0.000        0.000        
1c-3g-40gb
#Entity   GRACT        SMACT        SMOCC        TENSO        DRAMA        FP64A        FP32A        FP16A        
ID                                                                                                                
GPU-I 0   0.000        0.000        0.000        0.000        0.000        0.000        0.000        0.000        
GPU-I 0   0.000        0.000        0.000        0.000        0.000        0.000        0.000        0.000        
GPU-I 0   0.000        0.000        0.000        0.000        0.000        0.000        0.000        0.000        
GPU-I 0   0.000        0.000        0.000        0.000        0.000        0.000        0.000        0.000        
GPU-I 0   0.000        0.000        0.000        0.000        0.000        0.000        0.000        0.000        
GPU-I 0   0.000        0.000        0.000        0.000        0.000        0.000        0.000        0.000        
GPU-I 0   0.000        0.000        0.000        0.000        0.000        0.000        0.000        0.000        
GPU-I 0   0.000        0.000        0.000        0.000        0.000        0.000        0.000        0.000        
GPU-I 0   0.000        0.000        0.000        0.000        0.000        0.000        0.000        0.000        
GPU-I 0   0.015        0.000        0.000        0.000        0.001        0.000        0.000        0.000        
GPU-I 0   0.010        0.000        0.000        0.000        0.001        0.000        0.000        0.000        
GPU-I 0   0.522        0.856        0.329        0.018        0.165        0.000        0.173        0.000        
GPU-I 0   0.908        0.810        0.292        0.019        0.156        0.000        0.620        0.000        
GPU-I 0   0.921        0.845        0.293        0.019        0.162        0.000        0.626        0.000        
GPU-I 0   0.911        0.819        0.299        0.019        0.156        0.000        0.618        0.000        
#Entity   GRACT        SMACT        SMOCC        TENSO        DRAMA        FP64A        FP32A        FP16A        
ID                                                                                                                
GPU-I 0   0.919        0.853        0.294        0.021        0.160        0.000        0.624        0.000        
GPU-I 0   0.920        0.858        0.300        0.019        0.154        0.000        0.619        0.000        
GPU-I 0   0.907        0.854        0.306        0.019        0.153        0.000        0.591        0.000        
GPU-I 0   0.912        0.822        0.297        0.020        0.162        0.000        0.615        0.000        
GPU-I 0   0.919        0.848        0.298        0.021        0.157        0.000        0.624        0.000        
GPU-I 0   0.911        0.854        0.314        0.021        0.158        0.000        0.589        0.000        
GPU-I 0   0.912        0.821        0.297        0.019        0.156        0.000        0.615        0.000        
GPU-I 0   0.900        0.850        0.305        0.019        0.154        0.000        0.625        0.000        
GPU-I 0   0.919        0.859        0.302        0.020        0.156        0.000        0.621        0.000        
GPU-I 0   0.899        0.863        0.320        0.021        0.158        0.000        0.619        0.000        
GPU-I 0   0.919        0.846        0.292        0.021        0.158        0.000        0.622        0.000        
GPU-I 0   0.917        0.836        0.305        0.020        0.155        0.000        0.620        0.000        
GPU-I 0   0.911        0.817        0.297        0.018        0.166        0.000        0.617        0.000        
GPU-I 0   0.920        0.850        0.310        0.020        0.156        0.000        0.616        0.000        
#Entity   GRACT        SMACT        SMOCC        TENSO        DRAMA        FP64A        FP32A        FP16A        
ID                                                                                                                
GPU-I 0   0.916        0.837        0.295        0.018        0.156        0.000        0.624        0.000        
GPU-I 0   0.918        0.846        0.304        0.019        0.159        0.000        0.617        0.000        
GPU-I 0   0.927        0.895        0.329        0.020        0.161        0.000        0.629        0.000        
GPU-I 0   0.916        0.860        0.311        0.019        0.161        0.000        0.621        0.000        
GPU-I 0   0.919        0.853        0.311        0.018        0.157        0.000        0.630        0.000        
GPU-I 0   0.908        0.854        0.308        0.020        0.156        0.000        0.609        0.000        
GPU-I 0   0.918        0.856        0.315        0.019        0.155        0.000        0.625        0.000        
GPU-I 0   0.919        0.852        0.315        0.018        0.161        0.000        0.624        0.000        
GPU-I 0   0.920        0.854        0.301        0.019        0.160        0.000        0.637        0.000        
GPU-I 0   0.930        0.890        0.318        0.021        0.162        0.000        0.623        0.000        
GPU-I 0   0.920        0.854        0.312        0.020        0.164        0.000        0.632        0.000        
GPU-I 0   0.941        0.873        0.332        0.019        0.166        0.000        0.633        0.000        
GPU-I 0   0.922        0.861        0.319        0.018        0.157        0.000        0.640        0.000        
GPU-I 0   0.938        0.856        0.312        0.020        0.163        0.000        0.674        0.000        
#Entity   GRACT        SMACT        SMOCC        TENSO        DRAMA        FP64A        FP32A        FP16A        
ID                                                                                                                
GPU-I 0   0.904        0.816        0.288        0.019        0.158        0.000        0.629        0.000        
GPU-I 0   0.932        0.847        0.302        0.019        0.159        0.000        0.664        0.000        
GPU-I 0   0.771        0.578        0.206        0.014        0.157        0.000        0.628        0.000        
GPU-I 0   0.000        0.000        0.000        0.000        0.000        0.000        0.000        0.000        
GPU-I 0   0.000        0.000        0.000        0.000        0.000        0.000        0.000        0.000        
GPU-I 0   0.000        0.000        0.000        0.000        0.000        0.000        0.000        0.000        
1c-2g-20gb
#Entity   GRACT        SMACT        SMOCC        TENSO        DRAMA        FP64A        FP32A        FP16A        
ID                                                                                                                
GPU-I 0   0.000        0.000        0.000        0.000        0.000        0.000        0.000        0.000        
GPU-I 0   0.000        0.000        0.000        0.000        0.000        0.000        0.000        0.000        
GPU-I 0   0.000        0.000        0.000        0.000        0.000        0.000        0.000        0.000        
GPU-I 0   0.000        0.000        0.000        0.000        0.000        0.000        0.000        0.000        
GPU-I 0   0.000        0.000        0.000        0.000        0.000        0.000        0.000        0.000        
GPU-I 0   0.000        0.000        0.000        0.000        0.000        0.000        0.000        0.000        
GPU-I 0   0.000        0.000        0.000        0.000        0.000        0.000        0.000        0.000        
GPU-I 0   0.000        0.000        0.000        0.000        0.000        0.000        0.000        0.000        
GPU-I 0   0.000        0.000        0.000        0.000        0.000        0.000        0.000        0.000        
GPU-I 0   0.014        0.000        0.000        0.000        0.001        0.000        0.000        0.000        
GPU-I 0   0.010        0.000        0.000        0.000        0.002        0.000        0.000        0.000        
GPU-I 0   0.561        0.910        0.336        0.021        0.251        0.000        0.226        0.000        
GPU-I 0   0.942        0.909        0.341        0.022        0.262        0.000        0.649        0.000        
GPU-I 0   0.943        0.917        0.352        0.019        0.269        0.000        0.582        0.000        
GPU-I 0   0.942        0.919        0.362        0.020        0.247        0.000        0.649        0.000        
#Entity   GRACT        SMACT        SMOCC        TENSO        DRAMA        FP64A        FP32A        FP16A        
ID                                                                                                                
GPU-I 0   0.956        0.900        0.362        0.019        0.260        0.000        0.649        0.000        
GPU-I 0   0.950        0.921        0.336        0.021        0.256        0.000        0.581        0.000        
GPU-I 0   0.939        0.917        0.354        0.021        0.248        0.000        0.651        0.000        
GPU-I 0   0.933        0.884        0.334        0.018        0.253        0.000        0.636        0.000        
GPU-I 0   0.951        0.870        0.338        0.020        0.248        0.000        0.653        0.000        
GPU-I 0   0.932        0.917        0.354        0.021        0.247        0.000        0.590        0.000        
GPU-I 0   0.952        0.878        0.360        0.020        0.246        0.000        0.648        0.000        
GPU-I 0   0.932        0.918        0.344        0.020        0.252        0.000        0.602        0.000        
GPU-I 0   0.951        0.870        0.333        0.020        0.242        0.000        0.652        0.000        
GPU-I 0   0.955        0.895        0.333        0.019        0.248        0.000        0.636        0.000        
GPU-I 0   0.945        0.902        0.368        0.021        0.255        0.000        0.598        0.000        
GPU-I 0   0.950        0.911        0.342        0.020        0.242        0.000        0.654        0.000        
GPU-I 0   0.955        0.894        0.334        0.020        0.257        0.000        0.631        0.000        
GPU-I 0   0.945        0.892        0.325        0.021        0.246        0.000        0.651        0.000        
#Entity   GRACT        SMACT        SMOCC        TENSO        DRAMA        FP64A        FP32A        FP16A        
ID                                                                                                                
GPU-I 0   0.950        0.876        0.355        0.019        0.252        0.000        0.639        0.000        
GPU-I 0   0.934        0.893        0.337        0.018        0.248        0.000        0.590        0.000        
GPU-I 0   0.951        0.915        0.356        0.019        0.247        0.000        0.641        0.000        
GPU-I 0   0.929        0.871        0.340        0.019        0.248        0.000        0.593        0.000        
GPU-I 0   0.951        0.918        0.340        0.019        0.248        0.000        0.651        0.000        
GPU-I 0   0.931        0.874        0.358        0.019        0.246        0.000        0.592        0.000        
GPU-I 0   0.950        0.913        0.351        0.020        0.246        0.000        0.650        0.000        
GPU-I 0   0.954        0.918        0.356        0.020        0.254        0.000        0.635        0.000        
GPU-I 0   0.931        0.881        0.365        0.019        0.241        0.000        0.602        0.000        
GPU-I 0   0.935        0.894        0.341        0.020        0.246        0.000        0.625        0.000        
GPU-I 0   0.949        0.920        0.350        0.020        0.247        0.000        0.593        0.000        
GPU-I 0   0.952        0.919        0.343        0.020        0.254        0.000        0.653        0.000        
GPU-I 0   0.951        0.920        0.341        0.018        0.252        0.000        0.602        0.000        
GPU-I 0   0.952        0.915        0.352        0.022        0.256        0.000        0.664        0.000        
#Entity   GRACT        SMACT        SMOCC        TENSO        DRAMA        FP64A        FP32A        FP16A        
ID                                                                                                                
GPU-I 0   0.930        0.879        0.342        0.017        0.246        0.000        0.628        0.000        
GPU-I 0   0.953        0.918        0.345        0.021        0.251        0.000        0.635        0.000        
GPU-I 0   0.948        0.908        0.350        0.020        0.248        0.000        0.655        0.000        
GPU-I 0   0.927        0.880        0.347        0.018        0.251        0.000        0.643        0.000        
GPU-I 0   0.947        0.916        0.343        0.019        0.245        0.000        0.586        0.000        
GPU-I 0   0.950        0.913        0.344        0.020        0.255        0.000        0.611        0.000        
GPU-I 0   0.959        0.913        0.339        0.021        0.261        0.000        0.654        0.000        
GPU-I 0   0.950        0.912        0.333        0.019        0.257        0.000        0.657        0.000        
GPU-I 0   0.953        0.913        0.349        0.019        0.268        0.000        0.644        0.000        
GPU-I 0   0.950        0.880        0.354        0.020        0.253        0.000        0.635        0.000        
GPU-I 0   0.949        0.877        0.352        0.021        0.252        0.000        0.635        0.000        
GPU-I 0   0.949        0.873        0.339        0.019        0.257        0.000        0.636        0.000        
GPU-I 0   0.939        0.921        0.339        0.019        0.258        0.000        0.633        0.000        
GPU-I 0   0.939        0.911        0.343        0.020        0.251        0.000        0.657        0.000        
#Entity   GRACT        SMACT        SMOCC        TENSO        DRAMA        FP64A        FP32A        FP16A        
ID                                                                                                                
GPU-I 0   0.939        0.911        0.339        0.021        0.253        0.000        0.657        0.000        
GPU-I 0   0.940        0.912        0.341        0.021        0.252        0.000        0.653        0.000        
GPU-I 0   0.940        0.914        0.339        0.020        0.249        0.000        0.659        0.000        
GPU-I 0   0.940        0.911        0.356        0.022        0.255        0.000        0.663        0.000        
GPU-I 0   0.959        0.918        0.344        0.018        0.252        0.000        0.644        0.000        
GPU-I 0   0.939        0.913        0.340        0.021        0.243        0.000        0.606        0.000        
GPU-I 0   0.025        0.000        0.000        0.000        0.038        0.000        0.046        0.000        
GPU-I 0   0.000        0.000        0.000        0.000        0.000        0.000        0.000        0.000        
GPU-I 0   0.000        0.000        0.000        0.000        0.000        0.000        0.000        0.000        
1c-1g-10gb
#Entity   GRACT        SMACT        SMOCC        TENSO        DRAMA        FP64A        FP32A        FP16A        
ID                                                                                                                
GPU-I 0   0.000        0.000        0.000        0.000        0.000        0.000        0.000        0.000        
GPU-I 0   0.000        0.000        0.000        0.000        0.000        0.000        0.000        0.000        
GPU-I 0   0.000        0.000        0.000        0.000        0.000        0.000        0.000        0.000        
GPU-I 0   0.000        0.000        0.000        0.000        0.000        0.000        0.000        0.000        
GPU-I 0   0.000        0.000        0.000        0.000        0.000        0.000        0.000        0.000        
GPU-I 0   0.000        0.000        0.000        0.000        0.000        0.000        0.000        0.000        
GPU-I 0   0.000        0.000        0.000        0.000        0.000        0.000        0.000        0.000        
GPU-I 0   0.000        0.000        0.000        0.000        0.000        0.000        0.000        0.000        
GPU-I 0   0.000        0.000        0.000        0.000        0.000        0.000        0.000        0.000        
GPU-I 0   0.014        0.000        0.000        0.000        0.002        0.000        0.000        0.000        
GPU-I 0   0.011        0.000        0.000        0.000        0.004        0.000        0.000        0.000        
GPU-I 0   0.523        0.927        0.356        0.021        0.305        0.000        0.116        0.000        
GPU-I 0   0.974        0.980        0.369        0.023        0.319        0.000        0.615        0.000        
GPU-I 0   0.986        0.956        0.379        0.018        0.347        0.000        0.621        0.000        
GPU-I 0   0.960        0.933        0.360        0.020        0.295        0.000        0.646        0.000        
#Entity   GRACT        SMACT        SMOCC        TENSO        DRAMA        FP64A        FP32A        FP16A        
ID                                                                                                                
GPU-I 0   0.986        0.971        0.372        0.021        0.318        0.000        0.604        0.000        
GPU-I 0   0.980        0.935        0.381        0.021        0.319        0.000        0.665        0.000        
GPU-I 0   0.961        0.941        0.352        0.019        0.303        0.000        0.658        0.000        
GPU-I 0   0.972        0.948        0.335        0.018        0.311        0.000        0.696        0.000        
GPU-I 0   0.970        0.978        0.345        0.021        0.332        0.000        0.618        0.000        
GPU-I 0   0.961        0.933        0.387        0.023        0.304        0.000        0.646        0.000        
GPU-I 0   0.969        0.936        0.365        0.019        0.304        0.000        0.709        0.000        
GPU-I 0   0.968        0.978        0.348        0.021        0.331        0.000        0.615        0.000        
GPU-I 0   0.960        0.930        0.361        0.023        0.301        0.000        0.633        0.000        
GPU-I 0   0.970        0.939        0.369        0.017        0.300        0.000        0.707        0.000        
GPU-I 0   0.965        0.978        0.361        0.021        0.310        0.000        0.627        0.000        
GPU-I 0   0.961        0.941        0.371        0.018        0.304        0.000        0.629        0.000        
GPU-I 0   0.970        0.980        0.361        0.021        0.300        0.000        0.653        0.000        
GPU-I 0   0.974        0.934        0.376        0.023        0.328        0.000        0.658        0.000        
#Entity   GRACT        SMACT        SMOCC        TENSO        DRAMA        FP64A        FP32A        FP16A        
ID                                                                                                                
GPU-I 0   0.970        0.974        0.352        0.021        0.302        0.000        0.628        0.000        
GPU-I 0   0.976        0.970        0.375        0.019        0.345        0.000        0.655        0.000        
GPU-I 0   0.961        0.940        0.379        0.019        0.297        0.000        0.615        0.000        
GPU-I 0   0.970        0.976        0.351        0.021        0.301        0.000        0.621        0.000        
GPU-I 0   0.972        0.937        0.366        0.019        0.323        0.000        0.639        0.000        
GPU-I 0   0.961        0.934        0.377        0.020        0.324        0.000        0.631        0.000        
GPU-I 0   0.971        0.979        0.362        0.021        0.301        0.000        0.611        0.000        
GPU-I 0   0.974        0.940        0.369        0.020        0.318        0.000        0.674        0.000        
GPU-I 0   0.980        0.936        0.385        0.024        0.311        0.000        0.700        0.000        
GPU-I 0   0.961        0.936        0.363        0.021        0.308        0.000        0.614        0.000        
GPU-I 0   0.971        0.940        0.384        0.020        0.292        0.000        0.665        0.000        
GPU-I 0   0.979        0.975        0.373        0.018        0.334        0.000        0.612        0.000        
GPU-I 0   0.964        0.928        0.370        0.024        0.304        0.000        0.661        0.000        
GPU-I 0   0.977        0.943        0.382        0.017        0.335        0.000        0.717        0.000        
#Entity   GRACT        SMACT        SMOCC        TENSO        DRAMA        FP64A        FP32A        FP16A        
ID                                                                                                                
GPU-I 0   0.961        0.934        0.366        0.019        0.314        0.000        0.617        0.000        
GPU-I 0   0.970        0.941        0.361        0.017        0.302        0.000        0.644        0.000        
GPU-I 0   0.980        0.982        0.366        0.022        0.316        0.000        0.630        0.000        
GPU-I 0   0.979        0.977        0.371        0.026        0.343        0.000        0.640        0.000        
GPU-I 0   0.961        0.938        0.363        0.024        0.308        0.000        0.669        0.000        
GPU-I 0   0.971        0.939        0.379        0.018        0.320        0.000        0.652        0.000        
GPU-I 0   0.980        0.975        0.345        0.020        0.329        0.000        0.630        0.000        
GPU-I 0   0.961        0.935        0.373        0.023        0.294        0.000        0.644        0.000        
GPU-I 0   0.973        0.982        0.351        0.021        0.320        0.000        0.649        0.000        
GPU-I 0   0.971        0.974        0.361        0.022        0.322        0.000        0.629        0.000        
GPU-I 0   0.961        0.932        0.364        0.022        0.302        0.000        0.651        0.000        
GPU-I 0   0.971        0.939        0.347        0.019        0.309        0.000        0.710        0.000        
GPU-I 0   0.980        0.939        0.372        0.019        0.333        0.000        0.618        0.000        
GPU-I 0   0.961        0.938        0.367        0.018        0.295        0.000        0.644        0.000        
#Entity   GRACT        SMACT        SMOCC        TENSO        DRAMA        FP64A        FP32A        FP16A        
ID                                                                                                                
GPU-I 0   0.987        0.965        0.380        0.021        0.319        0.000        0.610        0.000        
GPU-I 0   0.971        0.981        0.364        0.021        0.332        0.000        0.616        0.000        
GPU-I 0   0.980        0.932        0.379        0.023        0.314        0.000        0.657        0.000        
GPU-I 0   0.960        0.941        0.373        0.019        0.305        0.000        0.656        0.000        
GPU-I 0   0.970        0.974        0.351        0.022        0.332        0.000        0.631        0.000        
GPU-I 0   0.979        0.933        0.373        0.023        0.316        0.000        0.641        0.000        
GPU-I 0   0.961        0.925        0.359        0.019        0.287        0.000        0.682        0.000        
GPU-I 0   0.964        0.977        0.358        0.023        0.336        0.000        0.630        0.000        
GPU-I 0   0.970        0.936        0.362        0.023        0.324        0.000        0.651        0.000        
GPU-I 0   0.980        0.937        0.353        0.019        0.304        0.000        0.699        0.000        
GPU-I 0   0.979        0.935        0.368        0.020        0.348        0.000        0.686        0.000        
GPU-I 0   0.980        0.944        0.390        0.017        0.311        0.000        0.712        0.000        
GPU-I 0   0.959        0.934        0.360        0.017        0.321        0.000        0.630        0.000        
GPU-I 0   0.970        0.981        0.364        0.019        0.302        0.000        0.621        0.000        
#Entity   GRACT        SMACT        SMOCC        TENSO        DRAMA        FP64A        FP32A        FP16A        
ID                                                                                                                
GPU-I 0   0.970        0.938        0.369        0.019        0.332        0.000        0.652        0.000        
GPU-I 0   0.980        0.935        0.354        0.021        0.324        0.000        0.701        0.000        
GPU-I 0   0.960        0.933        0.383        0.020        0.298        0.000        0.626        0.000        
GPU-I 0   0.970        0.927        0.360        0.022        0.312        0.000        0.668        0.000        
GPU-I 0   0.970        0.934        0.397        0.023        0.308        0.000        0.668        0.000        
GPU-I 0   0.980        0.943        0.388        0.016        0.326        0.000        0.717        0.000        
GPU-I 0   0.980        0.956        0.354        0.019        0.329        0.000        0.618        0.000        
GPU-I 0   0.960        0.936        0.389        0.021        0.295        0.000        0.656        0.000        
GPU-I 0   0.980        0.935        0.364        0.019        0.338        0.000        0.711        0.000        
GPU-I 0   0.979        0.973        0.356        0.023        0.332        0.000        0.636        0.000        
GPU-I 0   0.960        0.934        0.364        0.018        0.324        0.000        0.619        0.000        
GPU-I 0   0.971        0.939        0.372        0.018        0.344        0.000        0.629        0.000        
GPU-I 0   0.970        0.937        0.374        0.021        0.304        0.000        0.660        0.000        
GPU-I 0   0.970        0.943        0.386        0.017        0.318        0.000        0.716        0.000        
#Entity   GRACT        SMACT        SMOCC        TENSO        DRAMA        FP64A        FP32A        FP16A        
ID                                                                                                                
GPU-I 0   0.978        0.954        0.329        0.021        0.318        0.000        0.683        0.000        
GPU-I 0   0.980        0.980        0.363        0.021        0.336        0.000        0.619        0.000        
GPU-I 0   0.980        0.977        0.348        0.021        0.308        0.000        0.610        0.000        
GPU-I 0   0.963        0.945        0.372        0.022        0.340        0.000        0.636        0.000        
GPU-I 0   0.968        0.939        0.383        0.022        0.300        0.000        0.650        0.000        
GPU-I 0   0.985        0.934        0.379        0.023        0.339        0.000        0.669        0.000        
GPU-I 0   0.959        0.942        0.373        0.019        0.319        0.000        0.664        0.000        
GPU-I 0   0.969        0.941        0.382        0.018        0.296        0.000        0.702        0.000        
GPU-I 0   0.976        0.982        0.351        0.021        0.354        0.000        0.632        0.000        
GPU-I 0   0.970        0.983        0.372        0.021        0.338        0.000        0.624        0.000        
GPU-I 0   0.969        0.983        0.351        0.018        0.338        0.000        0.620        0.000        
GPU-I 0   0.970        0.942        0.393        0.019        0.303        0.000        0.713        0.000        
GPU-I 0   0.967        0.935        0.327        0.018        0.331        0.000        0.683        0.000        
GPU-I 0   0.967        0.979        0.364        0.020        0.306        0.000        0.606        0.000        
#Entity   GRACT        SMACT        SMOCC        TENSO        DRAMA        FP64A        FP32A        FP16A        
ID                                                                                                                
GPU-I 0   0.969        0.972        0.348        0.020        0.307        0.000        0.607        0.000        
GPU-I 0   0.969        0.979        0.351        0.022        0.321        0.000        0.616        0.000        
GPU-I 0   0.968        0.975        0.357        0.025        0.337        0.000        0.643        0.000        
GPU-I 0   0.979        0.934        0.375        0.024        0.328        0.000        0.660        0.000        
GPU-I 0   0.970        0.931        0.375        0.024        0.324        0.000        0.662        0.000        
GPU-I 0   0.980        0.943        0.362        0.016        0.328        0.000        0.708        0.000        
GPU-I 0   0.979        0.941        0.375        0.016        0.318        0.000        0.726        0.000        
GPU-I 0   0.979        0.934        0.356        0.020        0.311        0.000        0.724        0.000        
GPU-I 0   0.979        0.940        0.364        0.017        0.307        0.000        0.697        0.000        
GPU-I 0   0.961        0.941        0.350        0.019        0.291        0.000        0.612        0.000        
GPU-I 0   0.398        0.947        0.366        0.021        0.317        0.000        0.000        0.000        
GPU-I 0   0.000        0.000        0.000        0.000        0.000        0.000        0.000        0.000        
GPU-I 0   0.000        0.000        0.000        0.000        0.000        0.000        0.000        0.000        
